0.302001 0.150857 0.000643 -0.148420 -0.296093 -0.442123 -0.586252 -0.728218 -0.867776 -1.004702 -1.138810 -1.269961 -1.398077 -1.523138 -1.645189 -1.764328 -1.880698 -1.994472 -2.105841 -2.215000 -2.322145 -2.427463 -2.531136 -2.633335 -2.734228 -2.833973 -2.932726 -3.030634 -3.127838 -3.224471 -3.320655 
0.488839 0.335548 0.183145 0.031879 -0.117977 -0.266129 -0.412267 -0.556079 -0.697262 -0.835537 -0.970672 -1.102494 -1.230903 -1.355884 -1.477500 -1.595889 -1.711239 -1.823775 -1.933737 -2.041361 -2.146875 -2.250493 -2.352412 -2.452822 -2.551902 -2.649824 -2.746756 -2.842859 -2.938283 -3.033175 -3.127666 
0.675015 0.519355 0.364515 0.210772 0.058436 -0.092147 -0.240610 -0.386574 -0.529662 -0.669523 -0.805861 -0.938452 -1.067171 -1.192005 -1.313049 -1.430493 -1.544596 -1.655653 -1.763968 -1.869829 -1.973500 -2.075218 -2.175198 -2.273639 -2.370733 -2.466665 -2.561615 -2.655758 -2.749261 -2.842278 -2.934955 
0.860619 0.702350 0.544795 0.388261 0.233103 0.079718 -0.071454 -0.219949 -0.365296 -0.507047 -0.644813 -0.778300 -0.907344 -1.031934 -1.152210 -1.268445 -1.380999 -1.490270 -1.596648 -1.700483 -1.802075 -1.901679 -1.999520 -2.095802 -2.190725 -2.284486 -2.377280 -2.469297 -2.560720 -2.651720 -2.742451 
1.045778 0.884638 0.724062 0.564383 0.406001 0.249374 0.095026 -0.056475 -0.204535 -0.348572 -0.488066 -0.622616 -0.751997 -0.876197 -0.995427 -1.110084 -1.220683 -1.327774 -1.431862 -1.533372 -1.632632 -1.729902 -1.825399 -1.919324 -2.011879 -2.103273 -2.193719 -2.283428 -2.372602 -2.461428 -2.550075 
1.230659 1.066373 0.902441 0.739221 0.577152 0.416761 0.258663 0.103556 -0.047807 -0.194660 -0.336293 -0.472139 -0.601869 -0.725464 -0.843237 -0.955785 -1.063869 -1.168264 -1.269640 -1.368497 -1.465172 -1.559896 -1.652851 -1.744216 -1.834195 -1.923008 -2.010894 -2.098092 -2.184828 -2.271311 -2.357725 
1.415483 1.247765 1.080121 0.912923 0.746642 0.581868 0.419320 0.259846 0.104402 -0.045992 -0.190346 -0.327831 -0.457935 -0.580602 -0.696301 -0.805953 -0.910721 -1.011743 -1.109910 -1.205785 -1.299657 -1.391660 -1.481895 -1.570501 -1.657677 -1.743670 -1.828757 -1.913213 -1.997302 -2.081258 -2.165281 
1.600528 1.429096 1.257373 1.085726 0.914646 0.744771 0.576923 0.412116 0.251559 0.096612 -0.051322 -0.190985 -0.321527 -0.442786 -0.555455 -0.660998 -0.761275 -0.858018 -0.952424 -1.045052 -1.136005 -1.225198 -1.312580 -1.398225 -1.482346 -1.565240 -1.647246 -1.728698 -1.809905 -1.891132 -1.972596 
1.786144 1.610733 1.434570 1.257990 1.081473 0.905682 0.731518 0.560162 0.393115 0.232180 0.079363 -0.063376 -0.194551 -0.313699 -0.421807 -0.521284 -0.615265 -0.706516 -0.796634 -0.885967 -0.974122 -1.060573 -1.145022 -1.227490 -1.308247 -1.387697 -1.466282 -1.544422 -1.622482 -1.700759 -1.779491 
1.972754 1.793141 1.612206 1.430222 1.247612 1.065015 0.883358 0.703954 0.528597 0.359627 0.199895 0.052498 -0.079860 -0.195909 -0.296921 -0.386998 -0.471764 -0.555922 -0.641506 -0.728044 -0.813990 -0.898008 -0.979489 -1.058488 -1.135461 -1.211013 -1.285754 -1.360215 -1.434828 -1.509924 -1.585745 
2.160860 1.976887 1.790918 1.603114 1.413788 1.223470 1.033025 0.843793 0.657783 0.477888 0.308040 0.153097 0.018080 -0.093681 -0.183266 -0.257847 -0.328358 -0.403447 -0.485253 -0.570775 -0.655924 -0.738094 -0.816501 -0.891537 -0.964092 -1.035127 -1.105488 -1.175840 -1.246678 -1.318351 -1.391094 
2.351037 2.162645 1.971487 1.777567 1.581007 1.382132 1.181590 0.980558 0.781033 0.586274 0.401339 0.233524 0.092008 -0.014773 -0.085384 -0.132326 -0.179082 -0.243322 -0.325172 -0.414193 -0.501166 -0.582138 -0.656957 -0.727073 -0.794219 -0.859886 -0.925201 -0.990954 -1.057674 -1.125694 -1.195212 
2.543918 2.351180 2.154839 1.954691 1.750595 1.542543 1.330781 1.116021 0.899818 0.685228 0.477891 0.287647 0.130109 0.025361 -0.013579 -0.005850 -0.008645 -0.063753 -0.158434 -0.260688 -0.353043 -0.432567 -0.502144 -0.565530 -0.625759 -0.684939 -0.744431 -0.805071 -0.867347 -0.931523 -0.997717 
2.740173 2.543323 2.342008 2.135783 1.924178 1.706738 1.483103 1.253163 1.017406 0.777617 0.538368 0.310074 0.114810 -0.005886 0.002577 0.134054 0.226662 0.157807 0.012263 -0.119589 -0.218564 -0.292995 -0.353368 -0.406981 -0.458224 -0.509595 -0.562456 -0.617515 -0.675099 -0.735319 -0.798166 
2.940473 2.739923 2.534085 2.322256 2.103607 1.877168 1.641819 1.396322 1.139448 0.870361 0.589731 0.302869 0.028893 -0.172701 -0.142077 0.315938 0.679481 0.445580 0.155307 -0.014760 -0.108489 -0.166845 -0.210864 -0.250495 -0.290382 -0.332656 -0.378224 -0.427399 -0.480194 -0.536480 -0.596061 
3.145448 2.941793 2.732132 2.515526 2.290802 2.056485 1.810677 1.550908 1.273906 0.975289 0.649218 0.288397 -0.113346 -0.542029 -0.823294 0.395929 2.062563 0.640282 0.159239 0.018046 -0.030344 -0.053322 -0.071946 -0.093370 -0.119969 -0.152328 -0.190341 -0.233642 -0.281789 -0.334340 -0.390878 
3.355641 3.149639 2.937087 2.716861 2.487524 2.247198 1.993366 1.722545 1.429732 1.107385 0.743391 0.316565 -0.214982 -0.951701 -2.236618 -7.144073 -0.194774 -0.144610 -0.087099 -0.020551 0.028222 0.057712 0.070441 0.069186 0.056305 0.033689 0.002842 -0.035038 -0.078987 -0.128219 -0.182090 
3.571461 3.363999 3.149665 2.927236 2.695131 2.451263 2.192801 1.915773 1.614389 1.279772 0.897445 0.441850 -0.136969 -0.949235 -2.253849 -4.132650 -3.007581 -1.027004 -0.327291 -0.038857 0.106464 0.185495 0.226730 0.243289 0.242248 0.227888 0.203019 0.169604 0.129076 0.082521 0.030785 
3.793155 3.585188 3.370281 3.147205 2.914380 2.669740 2.410511 2.132875 1.831416 1.498199 1.121207 0.681826 0.151787 -0.503215 -1.266722 -1.822293 -1.551807 -0.807620 -0.254736 0.063846 0.244896 0.348962 0.406817 0.434567 0.441283 0.432461 0.411659 0.381302 0.343127 0.298415 0.248148 
4.020783 3.813276 3.599010 3.376842 3.145331 2.902638 2.646372 2.373397 2.079551 1.759332 1.405688 1.010594 0.568788 0.091643 -0.356506 -0.620151 -0.556931 -0.260805 0.055854 0.295519 0.455582 0.556423 0.615938 0.646331 0.655552 0.648838 0.629740 0.600748 0.563664 0.519831 0.470275 
4.254224 4.048087 3.835592 3.615755 3.387376 3.148984 2.898775 2.634564 2.353785 2.053662 1.731842 1.388187 1.029112 0.676181 0.376639 0.198188 0.182710 0.296314 0.458595 0.608980 0.724595 0.804191 0.853481 0.878830 0.885486 0.877427 0.857605 0.828212 0.790899 0.746932 0.697295 
4.493191 4.289226 4.079478 3.863164 3.639380 3.407083 3.165112 2.912252 2.647405 2.369992 2.080796 1.783592 1.487875 1.212206 0.985153 0.837557 0.784237 0.810314 0.880395 0.960581 1.030527 1.082257 1.114746 1.129802 1.129963 1.117657 1.094952 1.063531 1.024743 0.979669 0.929179 
4.737257 4.536131 4.329907 4.118023 3.899875 3.674842 3.442352 3.202002 2.953798 2.698570 2.438680 2.179065 1.928506 1.700399 1.511474 1.376839 1.302509 1.281002 1.294771 1.324566 1.355773 1.379974 1.393532 1.395637 1.386841 1.368221 1.340960 1.306173 1.264838 1.217795 1.165752 
4.985906 4.788125 4.585988 4.379143 4.167261 3.950086 3.727514 3.499736 3.267457 3.032234 2.796937 2.566304 2.347355 2.149242 1.981906 1.853296 1.766116 1.716218 1.694056 1.688248 1.688832 1.688784 1.683981 1.672448 1.653555 1.627409 1.594472 1.555337 1.510620 1.460903 1.406714 
5.238558 5.044474 4.846780 4.645310 4.439966 4.230772 4.017965 3.802109 3.584279 3.366282 3.150928 2.942250 2.745545 2.566997 2.412690 2.287078 2.191477 2.123407 2.077284 2.046075 2.023022 2.002709 1.981378 1.956735 1.927576 1.893410 1.854183 1.810077 1.761392 1.708473 1.651671 
5.494618 5.304436 5.111360 4.915372 4.716552 4.515127 4.311547 4.106579 3.901433 3.697898 3.498465 3.306388 3.125578 2.960243 2.814229 2.690175 2.588758 2.508409 2.445662 2.395995 2.354761 2.317901 2.282267 2.245657 2.206671 2.164509 2.118790 2.069402 2.016399 1.959924 1.900172 
5.753500 5.567302 5.378867 5.188291 4.995779 4.801690 4.606588 4.411323 4.217096 4.025540 3.838762 3.659319 3.490083 3.333962 3.193470 3.070240 2.964640 2.875628 2.800951 2.737587 2.682289 2.632028 2.584266 2.537056 2.489010 2.439210 2.387093 2.332359 2.274883 2.214655 2.151738 
6.014651 5.832419 5.648532 5.463170 5.276619 5.089309 4.901855 4.715101 4.530169 4.348485 4.171782 4.002050 3.841411 3.691905 3.555227 3.432432 3.323723 3.228384 3.144889 3.071157 3.004869 2.943757 2.885808 2.829369 2.773164 2.716268 2.658043 2.598077 2.536131 2.472081 2.405891 
6.277565 6.099203 5.919691 5.739263 5.558249 5.377112 5.196465 5.017109 4.840046 4.666493 4.497856 4.335680 4.181544 4.036913 3.902956 3.780379 3.669297 3.569202 3.479026 3.397293 3.322317 3.252385 3.185906 3.121505 3.058058 2.994693 2.930759 2.865797 2.799495 2.731657 2.662172 
6.541792 6.367149 6.191784 6.015960 5.840029 5.664454 5.489821 5.316860 5.146449 4.979608 4.817474 4.661251 4.512126 4.371167 4.239204 4.116723 4.003789 3.900032 3.804683 3.716671 3.634745 3.557596 3.483968 3.412730 3.342909 3.273717 3.204529 3.134875 3.064409 2.992890 2.920156 
6.806942 6.635830 6.464351 6.292782 6.121475 5.950876 5.781530 5.614085 5.449301 5.288026 5.131180 4.979704 4.834502 4.696367 4.565899 4.443443 4.329037 4.222403 4.122974 4.029955 3.942403 3.859308 3.779672 3.702564 3.627161 3.552761 3.478787 3.404782 3.330391 3.255348 3.179464 
