-5.172414 -1.931034 -1.400022 
-5.174337 -1.851479 -1.324464 
-5.176220 -1.772001 -1.249000 
-5.178060 -1.692599 -1.173628 
-5.179853 -1.613274 -1.098346 
-5.181594 -1.534023 -1.023149 
-5.183280 -1.454846 -0.948035 
-5.184906 -1.375741 -0.872998 
-5.186468 -1.296707 -0.798035 
-5.187963 -1.217740 -0.723139 
-5.189386 -1.138840 -0.648304 
-5.190734 -1.060002 -0.573525 
-5.192003 -0.981224 -0.498794 
-5.193190 -0.902504 -0.424102 
-5.194290 -0.823836 -0.349443 
-5.195302 -0.745219 -0.274807 
-5.196221 -0.666647 -0.200185 
-5.197045 -0.588117 -0.125567 
-5.197773 -0.509624 -0.050944 
-5.198400 -0.431164 0.023697 
-5.198926 -0.352732 0.098365 
-5.199349 -0.274323 0.173072 
-5.199667 -0.195932 0.247830 
-5.199880 -0.117554 0.322649 
-5.199986 -0.039184 0.397543 
-5.199986 0.039183 0.472523 
-5.199880 0.117554 0.547600 
-5.199667 0.195932 0.622787 
-5.199349 0.274323 0.698095 
-5.198926 0.352732 0.773536 
-5.198400 0.431164 0.849120 
-5.197773 0.509624 0.924859 
-5.197045 0.588116 1.000763 
-5.196221 0.666646 1.076842 
-5.195302 0.745218 1.153106 
-5.194290 0.823836 1.229562 
-5.193190 0.902503 1.306219 
-5.192003 0.981223 1.383084 
-5.190734 1.060001 1.460165 
-5.189386 1.138839 1.537468 
-5.187963 1.217740 1.614997 
-5.186468 1.296706 1.692757 
-5.184906 1.375741 1.770752 
-5.183280 1.454846 1.848985 
-5.181594 1.534022 1.927459 
-5.179853 1.613273 2.006174 
-5.178060 1.692599 2.085132 
-5.176220 1.772000 2.164333 
-5.174337 1.851478 2.243776 
-5.172414 1.931034 2.323460 

-4.973539 -1.925928 -1.403883 
-4.975669 -1.846467 -1.328634 
-4.977758 -1.767094 -1.253498 
-4.979803 -1.687808 -1.178473 
-4.981797 -1.608610 -1.103557 
-4.983737 -1.529497 -1.028747 
-4.985619 -1.450469 -0.954039 
-4.987436 -1.371524 -0.879428 
-4.989185 -1.292660 -0.804910 
-4.990860 -1.213875 -0.730479 
-4.992457 -1.135166 -0.656128 
-4.993971 -1.056531 -0.581850 
-4.995399 -0.977966 -0.507638 
-4.996735 -0.899467 -0.433483 
-4.997975 -0.821031 -0.359375 
-4.999116 -0.742653 -0.285304 
-5.000154 -0.664329 -0.211261 
-5.001085 -0.586054 -0.137233 
-5.001908 -0.507822 -0.063209 
-5.002617 -0.429629 0.010823 
-5.003213 -0.351469 0.084877 
-5.003692 -0.273337 0.158966 
-5.004052 -0.195225 0.233102 
-5.004293 -0.117129 0.307301 
-5.004414 -0.039042 0.381576 
-5.004414 0.039042 0.455942 
-5.004293 0.117128 0.530412 
-5.004052 0.195224 0.605000 
-5.003692 0.273336 0.679721 
-5.003213 0.351469 0.754589 
-5.002617 0.429629 0.829615 
-5.001908 0.507822 0.904814 
-5.001085 0.586053 0.980198 
-5.000154 0.664328 1.055779 
-4.999116 0.742652 1.131566 
-4.997975 0.821030 1.207572 
-4.996735 0.899467 1.283805 
-4.995399 0.977965 1.360273 
-4.993971 1.056530 1.436986 
-4.992457 1.135166 1.513949 
-4.990860 1.213874 1.591169 
-4.989185 1.292659 1.668651 
-4.987436 1.371523 1.746398 
-4.985619 1.450468 1.824415 
-4.983737 1.529496 1.902703 
-4.981797 1.608609 1.981263 
-4.979803 1.687808 2.060096 
-4.977758 1.767093 2.139202 
-4.975669 1.846466 2.218580 
-4.973540 1.925927 2.298227 

-4.774889 -1.920271 -1.407025 
-4.777253 -1.840905 -1.332093 
-4.779576 -1.761639 -1.257297 
-4.781854 -1.682473 -1.182636 
-4.784081 -1.603407 -1.108106 
-4.786251 -1.524440 -1.033705 
-4.788357 -1.445571 -0.959431 
-4.790396 -1.366798 -0.885277 
-4.792361 -1.288119 -0.811241 
-4.794246 -1.209532 -0.737314 
-4.796045 -1.131034 -0.663491 
-4.797754 -1.052621 -0.589765 
-4.799366 -0.974291 -0.516125 
-4.800877 -0.896039 -0.442563 
-4.802282 -0.817860 -0.369069 
-4.803575 -0.739750 -0.295631 
-4.804753 -0.661704 -0.222236 
-4.805811 -0.583715 -0.148873 
-4.806745 -0.505779 -0.075526 
-4.807552 -0.427888 -0.002183 
-4.808230 -0.350036 0.071174 
-4.808775 -0.272216 0.144558 
-4.809186 -0.194422 0.217987 
-4.809460 -0.116646 0.291477 
-4.809597 -0.038881 0.365045 
-4.809597 0.038880 0.438707 
-4.809460 0.116645 0.512481 
-4.809186 0.194421 0.586384 
-4.808775 0.272216 0.660433 
-4.808230 0.350035 0.734643 
-4.807552 0.427887 0.809031 
-4.806745 0.505778 0.883613 
-4.805811 0.583715 0.958403 
-4.804753 0.661703 1.033415 
-4.803575 0.739750 1.108663 
-4.802282 0.817859 1.184158 
-4.800877 0.896038 1.259912 
-4.799366 0.974290 1.335935 
-4.797754 1.052620 1.412236 
-4.796045 1.131033 1.488823 
-4.794246 1.209531 1.565702 
-4.792361 1.288118 1.642880 
-4.790396 1.366797 1.720360 
-4.788358 1.445570 1.798146 
-4.786251 1.524439 1.876240 
-4.784081 1.603406 1.954642 
-4.781854 1.682472 2.033354 
-4.779576 1.761638 2.112372 
-4.777253 1.840904 2.191696 
-4.774889 1.920270 2.271323 

-4.576457 -1.913987 -1.409313 
-4.579089 -1.834715 -1.334704 
-4.581681 -1.755557 -1.260257 
-4.584227 -1.676514 -1.185971 
-4.586720 -1.597585 -1.111844 
-4.589155 -1.518771 -1.037875 
-4.591523 -1.440070 -0.964060 
-4.593819 -1.361481 -0.890396 
-4.596035 -1.283002 -0.816877 
-4.598165 -1.204630 -0.743498 
-4.600202 -1.126363 -0.670252 
-4.602139 -1.048196 -0.597130 
-4.603969 -0.970126 -0.524122 
-4.605686 -0.892149 -0.451220 
-4.607285 -0.814258 -0.378410 
-4.608758 -0.736450 -0.305680 
-4.610102 -0.658716 -0.233016 
-4.611310 -0.581052 -0.160403 
-4.612378 -0.503449 -0.087825 
-4.613301 -0.425901 -0.015264 
-4.614076 -0.348400 0.057296 
-4.614700 -0.270937 0.129875 
-4.615170 -0.193505 0.202492 
-4.615485 -0.116094 0.275167 
-4.615643 -0.038697 0.347921 
-4.615643 0.038696 0.420773 
-4.615485 0.116093 0.493745 
-4.615170 0.193504 0.566857 
-4.614700 0.270936 0.640130 
-4.614076 0.348399 0.713583 
-4.613301 0.425900 0.787236 
-4.612378 0.503448 0.861108 
-4.611310 0.581051 0.935216 
-4.610102 0.658715 1.009577 
-4.608758 0.736449 1.084208 
-4.607285 0.814258 1.159122 
-4.605686 0.892148 1.234334 
-4.603969 0.970126 1.309854 
-4.602139 1.048195 1.385694 
-4.600202 1.126362 1.461862 
-4.598165 1.204629 1.538367 
-4.596035 1.283001 1.615213 
-4.593819 1.361480 1.692406 
-4.591523 1.440069 1.769949 
-4.589155 1.518770 1.847843 
-4.586720 1.597584 1.926089 
-4.584227 1.676513 2.004685 
-4.581681 1.755556 2.083630 
-4.579089 1.834714 2.162920 
-4.576457 1.913987 2.242550 

-4.378235 -1.906990 -1.410590 
-4.381173 -1.827807 -1.336303 
-4.384073 -1.748755 -1.262207 
-4.386928 -1.669835 -1.188305 
-4.389729 -1.591047 -1.114594 
-4.392470 -1.512392 -1.041075 
-4.395143 -1.433869 -0.967745 
-4.397739 -1.355476 -0.894601 
-4.400249 -1.277212 -0.821638 
-4.402667 -1.199074 -0.748850 
-4.404983 -1.121060 -0.676231 
-4.407189 -1.043164 -0.603772 
-4.409277 -0.965383 -0.531462 
-4.411240 -0.887712 -0.459291 
-4.413069 -0.810145 -0.387246 
-4.414758 -0.732675 -0.315312 
-4.416299 -0.655296 -0.243472 
-4.417686 -0.577999 -0.171711 
-4.418914 -0.500777 -0.100008 
-4.419977 -0.423621 -0.028344 
-4.420869 -0.346520 0.043303 
-4.421588 -0.269467 0.114955 
-4.422131 -0.192450 0.186636 
-4.422493 -0.115459 0.258369 
-4.422676 -0.038485 0.330179 
-4.422676 0.038484 0.402092 
-4.422493 0.115459 0.474133 
-4.422131 0.192449 0.546326 
-4.421588 0.269466 0.618697 
-4.420869 0.346520 0.691271 
-4.419977 0.423620 0.764071 
-4.418914 0.500776 0.837121 
-4.417686 0.577999 0.910441 
-4.416299 0.655295 0.984052 
-4.414758 0.732675 1.057975 
-4.413069 0.810144 1.132225 
-4.411240 0.887712 1.206819 
-4.409277 0.965383 1.281772 
-4.407189 1.043163 1.357094 
-4.404983 1.121059 1.432797 
-4.402667 1.199074 1.508888 
-4.400249 1.277211 1.585375 
-4.397739 1.355476 1.662262 
-4.395143 1.433868 1.739551 
-4.392470 1.512392 1.817243 
-4.389729 1.591047 1.895338 
-4.386928 1.669834 1.973834 
-4.384073 1.748754 2.052726 
-4.381173 1.827806 2.132010 
-4.378235 1.906989 2.211679 

-4.180205 -1.899179 -1.410674 
-4.183493 -1.820077 -1.336700 
-4.186747 -1.741125 -1.262952 
-4.189958 -1.662326 -1.189433 
-4.193117 -1.583680 -1.116146 
-4.196215 -1.505188 -1.043090 
-4.199243 -1.426850 -0.970264 
-4.202190 -1.348665 -0.897668 
-4.205047 -1.270631 -0.825296 
-4.207804 -1.192747 -0.753144 
-4.210451 -1.115008 -0.681205 
-4.212977 -1.037412 -0.609471 
-4.215373 -0.959952 -0.537931 
-4.217628 -0.882624 -0.466573 
-4.219734 -0.805420 -0.395383 
-4.221681 -0.728334 -0.324344 
-4.223461 -0.651357 -0.253439 
-4.225064 -0.574480 -0.182646 
-4.226485 -0.497694 -0.111945 
-4.227716 -0.420986 -0.041311 
-4.228751 -0.344348 0.029282 
-4.229586 -0.267766 0.099860 
-4.230215 -0.191230 0.170453 
-4.230637 -0.114725 0.241088 
-4.230848 -0.038240 0.311798 
-4.230848 0.038239 0.382612 
-4.230637 0.114724 0.453563 
-4.230215 0.191229 0.524681 
-4.229586 0.267766 0.595997 
-4.228751 0.344347 0.667542 
-4.227716 0.420986 0.739345 
-4.226485 0.497693 0.811435 
-4.225064 0.574480 0.883838 
-4.223461 0.651357 0.956580 
-4.221681 0.728334 1.029684 
-4.219734 0.805420 1.103171 
-4.217628 0.882623 1.177061 
-4.215373 0.959951 1.251368 
-4.212977 1.037411 1.326109 
-4.210451 1.115008 1.401294 
-4.207804 1.192746 1.476932 
-4.205047 1.270630 1.553031 
-4.202190 1.348664 1.629595 
-4.199243 1.426849 1.706624 
-4.196215 1.505187 1.784120 
-4.193117 1.583679 1.862080 
-4.189958 1.662325 1.940500 
-4.186747 1.741124 2.019372 
-4.183493 1.820076 2.098690 
-4.180205 1.899178 2.178445 

-3.982337 -1.890438 -1.409359 
-3.986026 -1.811403 -1.335675 
-3.989687 -1.732541 -1.262259 
-3.993309 -1.653855 -1.189115 
-3.996884 -1.575348 -1.116247 
-4.000399 -1.497019 -1.043658 
-4.003842 -1.418872 -0.971350 
-4.007204 -1.340904 -0.899322 
-4.010471 -1.263115 -0.827573 
-4.013631 -1.185504 -0.756098 
-4.016672 -1.108067 -0.684893 
-4.019581 -1.030799 -0.613948 
-4.022346 -0.953697 -0.543255 
-4.024953 -0.876752 -0.472799 
-4.027393 -0.799959 -0.402565 
-4.029653 -0.723308 -0.332536 
-4.031722 -0.646791 -0.262691 
-4.033589 -0.570395 -0.193007 
-4.035245 -0.494109 -0.123456 
-4.036682 -0.417922 -0.054012 
-4.037892 -0.341818 0.015356 
-4.038867 -0.265785 0.084683 
-4.039604 -0.189807 0.154001 
-4.040097 -0.113868 0.223349 
-4.040345 -0.037954 0.292763 
-4.040345 0.037953 0.362283 
-4.040097 0.113867 0.431946 
-4.039604 0.189806 0.501794 
-4.038867 0.265784 0.571863 
-4.037892 0.341818 0.642194 
-4.036682 0.417921 0.712822 
-4.035245 0.494109 0.783784 
-4.033589 0.570394 0.855112 
-4.031722 0.646790 0.926838 
-4.029653 0.723308 0.998991 
-4.027393 0.799958 1.071596 
-4.024953 0.876752 1.144676 
-4.022346 0.953696 1.218251 
-4.019581 1.030798 1.292337 
-4.016672 1.108066 1.366947 
-4.013631 1.185503 1.442091 
-4.010471 1.263115 1.517775 
-4.007204 1.340903 1.594004 
-4.003842 1.418871 1.670776 
-4.000399 1.497019 1.748091 
-3.996884 1.575347 1.825943 
-3.993309 1.653854 1.904325 
-3.989687 1.732540 1.983228 
-3.986026 1.811402 2.062639 
-3.982337 1.890437 2.142546 

-3.784584 -1.880633 -1.406407 
-3.788732 -1.801645 -1.332977 
-3.792862 -1.722855 -1.259860 
-3.796962 -1.644269 -1.187065 
-3.801020 -1.565890 -1.114599 
-3.805023 -1.487721 -1.042468 
-3.808957 -1.409764 -0.970677 
-3.812809 -1.332020 -0.899229 
-3.816562 -1.254489 -0.828125 
-3.820204 -1.177169 -0.757363 
-3.823717 -1.100059 -0.686940 
-3.827086 -1.023153 -0.616850 
-3.830297 -0.946446 -0.547082 
-3.833333 -0.869933 -0.477624 
-3.836179 -0.793603 -0.408460 
-3.838821 -0.717448 -0.339570 
-3.841244 -0.641457 -0.270931 
-3.843436 -0.565616 -0.202516 
-3.845382 -0.489911 -0.134296 
-3.847073 -0.414328 -0.066235 
-3.848498 -0.338849 0.001703 
-3.849648 -0.263457 0.069559 
-3.850518 -0.188134 0.137375 
-3.851100 -0.112861 0.205197 
-3.851393 -0.037617 0.273073 
-3.851393 0.037616 0.341051 
-3.851100 0.112860 0.409181 
-3.850518 0.188133 0.477513 
-3.849649 0.263456 0.546096 
-3.848498 0.338848 0.614979 
-3.847073 0.414327 0.684210 
-3.845382 0.489910 0.753832 
-3.843436 0.565615 0.823889 
-3.841244 0.641456 0.894420 
-3.838821 0.717448 0.965459 
-3.836179 0.793602 1.037039 
-3.833333 0.869932 1.109187 
-3.830297 0.946446 1.181926 
-3.827086 1.023152 1.255276 
-3.823717 1.100058 1.329250 
-3.820204 1.177168 1.403859 
-3.816562 1.254488 1.479108 
-3.812809 1.332019 1.554999 
-3.808957 1.409763 1.631531 
-3.805023 1.487720 1.708696 
-3.801020 1.565889 1.786487 
-3.796962 1.644268 1.864892 
-3.792862 1.722854 1.943896 
-3.788733 1.801644 2.023483 
-3.784584 1.880633 2.103634 

-3.586876 -1.869614 -1.401554 
-3.591551 -1.790639 -1.328319 
-3.596222 -1.711894 -1.255447 
-3.600877 -1.633384 -1.182953 
-3.605499 -1.555116 -1.110849 
-3.610075 -1.477093 -1.039146 
-3.614588 -1.399321 -0.967853 
-3.619021 -1.321801 -0.896978 
-3.623356 -1.244536 -0.826526 
-3.627575 -1.167524 -0.756500 
-3.631658 -1.090765 -0.686900 
-3.635587 -1.014254 -0.617722 
-3.639341 -0.937986 -0.548959 
-3.642901 -0.861955 -0.480599 
-3.646246 -0.786151 -0.412626 
-3.649359 -0.710562 -0.345020 
-3.652221 -0.635177 -0.277755 
-3.654814 -0.559979 -0.210801 
-3.657122 -0.484951 -0.144123 
-3.659130 -0.410076 -0.077679 
-3.660825 -0.335332 -0.011425 
-3.662195 -0.260697 0.054689 
-3.663230 -0.186150 0.120717 
-3.663925 -0.111665 0.186716 
-3.664274 -0.037218 0.252746 
-3.664274 0.037217 0.318870 
-3.663925 0.111664 0.385152 
-3.663231 0.186149 0.451656 
-3.662195 0.260697 0.518447 
-3.660825 0.335331 0.585587 
-3.659130 0.410075 0.653137 
-3.657122 0.484950 0.721154 
-3.654814 0.559978 0.789694 
-3.652221 0.635176 0.858805 
-3.649360 0.710562 0.928532 
-3.646247 0.786150 0.998914 
-3.642901 0.861954 1.069985 
-3.639341 0.937986 1.141772 
-3.635587 1.014253 1.214295 
-3.631658 1.090764 1.287572 
-3.627575 1.167523 1.361610 
-3.623356 1.244535 1.436414 
-3.619021 1.321800 1.511982 
-3.614588 1.399320 1.588308 
-3.610075 1.477092 1.665380 
-3.605499 1.555115 1.743185 
-3.600877 1.633383 1.821704 
-3.596222 1.711893 1.900915 
-3.591551 1.790639 1.980794 
-3.586876 1.869613 2.061316 

-3.389113 -1.857207 -1.394512 
-3.394391 -1.778201 -1.321383 
-3.399686 -1.699459 -1.248672 
-3.404984 -1.620988 -1.176401 
-3.410266 -1.542799 -1.104588 
-3.415516 -1.464898 -1.033252 
-3.420715 -1.387293 -0.962408 
-3.425842 -1.309989 -0.892071 
-3.430875 -1.232990 -0.822253 
-3.435791 -1.156296 -0.752964 
-3.440567 -1.079910 -0.684208 
-3.445179 -1.003827 -0.615988 
-3.449600 -0.928043 -0.548300 
-3.453806 -0.852551 -0.481137 
-3.457772 -0.777342 -0.414483 
-3.461472 -0.702402 -0.348319 
-3.464882 -0.627717 -0.282618 
-3.467980 -0.553268 -0.217346 
-3.470743 -0.479036 -0.152463 
-3.473152 -0.404996 -0.087920 
-3.475188 -0.331124 -0.023661 
-3.476837 -0.257392 0.040373 
-3.478085 -0.183771 0.104251 
-3.478922 -0.110230 0.168047 
-3.479342 -0.036738 0.231838 
-3.479342 0.036738 0.295706 
-3.478922 0.110230 0.359733 
-3.478085 0.183770 0.424006 
-3.476837 0.257391 0.488607 
-3.475188 0.331123 0.553621 
-3.473152 0.404995 0.619126 
-3.470744 0.479035 0.685198 
-3.467980 0.553268 0.751908 
-3.464882 0.627716 0.819319 
-3.461472 0.702401 0.887488 
-3.457772 0.777341 0.956463 
-3.453806 0.852551 1.026285 
-3.449600 0.928042 1.096986 
-3.445179 1.003826 1.168589 
-3.440567 1.079909 1.241110 
-3.435791 1.156296 1.314555 
-3.430875 1.232989 1.388925 
-3.425842 1.309988 1.464211 
-3.420715 1.387293 1.540402 
-3.415516 1.464897 1.617476 
-3.410266 1.542798 1.695412 
-3.404984 1.620987 1.774179 
-3.399686 1.699458 1.853748 
-3.394391 1.778201 1.934083 
-3.389113 1.857206 2.015149 

-3.191154 -1.843221 -1.384974 
-3.197120 -1.764119 -1.311822 
-3.203133 -1.685319 -1.239149 
-3.209176 -1.606832 -1.166980 
-3.215230 -1.528672 -1.095346 
-3.221275 -1.450851 -1.024272 
-3.227288 -1.373379 -0.953784 
-3.233244 -1.296267 -0.883908 
-3.239118 -1.219521 -0.814665 
-3.244882 -1.143146 -0.746075 
-3.250504 -1.067146 -0.678152 
-3.255956 -0.991520 -0.610907 
-3.261204 -0.916264 -0.544344 
-3.266215 -0.841373 -0.478463 
-3.270958 -0.766837 -0.413253 
-3.275398 -0.692641 -0.348699 
-3.279504 -0.618769 -0.284772 
-3.283244 -0.545199 -0.221438 
-3.286589 -0.471906 -0.158650 
-3.289511 -0.398861 -0.096352 
-3.291987 -0.326034 -0.034477 
-3.293994 -0.253388 0.027051 
-3.295516 -0.180887 0.088320 
-3.296538 -0.108490 0.149423 
-3.297051 -0.036156 0.210462 
-3.297051 0.036156 0.271545 
-3.296538 0.108489 0.332783 
-3.295516 0.180886 0.394291 
-3.293994 0.253387 0.456181 
-3.291987 0.326033 0.518565 
-3.289511 0.398861 0.581549 
-3.286589 0.471905 0.645234 
-3.283244 0.545198 0.709713 
-3.279504 0.618768 0.775068 
-3.275398 0.692640 0.841373 
-3.270958 0.766836 0.908687 
-3.266215 0.841372 0.977061 
-3.261204 0.916263 1.046530 
-3.255956 0.991519 1.117119 
-3.250504 1.067145 1.188840 
-3.244882 1.143146 1.261697 
-3.239118 1.219520 1.335680 
-3.233244 1.296266 1.410773 
-3.227288 1.373379 1.486950 
-3.221275 1.450850 1.564179 
-3.215230 1.528671 1.642423 
-3.209176 1.606831 1.721638 
-3.203133 1.685318 1.801780 
-3.197120 1.764119 1.882800 
-3.191154 1.843220 1.964647 

-2.992805 -1.827446 -1.372627 
-2.999551 -1.748159 -1.299279 
-3.006385 -1.669214 -1.226465 
-3.013290 -1.590628 -1.154224 
-3.020244 -1.512421 -1.082595 
-3.027225 -1.434611 -1.011618 
-3.034205 -1.357215 -0.941332 
-3.041157 -1.280247 -0.871776 
-3.048048 -1.203721 -0.802986 
-3.054845 -1.127647 -0.734996 
-3.061509 -1.052033 -0.667837 
-3.068002 -0.976882 -0.601533 
-3.074283 -0.902194 -0.536103 
-3.080308 -0.827965 -0.471558 
-3.086035 -0.754187 -0.407898 
-3.091419 -0.680844 -0.345114 
-3.096417 -0.607917 -0.283185 
-3.100985 -0.535383 -0.222076 
-3.105084 -0.463209 -0.161736 
-3.108676 -0.391361 -0.102102 
-3.111726 -0.319798 -0.043092 
-3.114204 -0.248475 0.015389 
-3.116085 -0.177343 0.073451 
-3.117350 -0.106349 0.131218 
-3.117986 -0.035441 0.188826 
-3.117986 0.035440 0.246420 
-3.117350 0.106349 0.304152 
-3.116085 0.177342 0.362178 
-3.114204 0.248474 0.420654 
-3.111726 0.319797 0.479732 
-3.108676 0.391360 0.539559 
-3.105084 0.463208 0.600273 
-3.100985 0.535382 0.661997 
-3.096417 0.607917 0.724841 
-3.091419 0.680843 0.788899 
-3.086035 0.754186 0.854248 
-3.080308 0.827965 0.920944 
-3.074283 0.902193 0.989030 
-3.068002 0.976881 1.058526 
-3.061509 1.052032 1.129440 
-3.054845 1.127647 1.201762 
-3.048048 1.203721 1.275471 
-3.041157 1.280247 1.350531 
-3.034205 1.357214 1.426900 
-3.027225 1.434610 1.504524 
-3.020244 1.512420 1.583345 
-3.013290 1.590627 1.663300 
-3.006385 1.669213 1.744321 
-2.999551 1.748159 1.826341 
-2.992805 1.827446 1.909291 

-2.793798 -1.809664 -1.357181 
-2.801420 -1.730068 -1.283401 
-2.809188 -1.650855 -1.210205 
-2.817083 -1.572052 -1.137643 
-2.825083 -1.493685 -1.065769 
-2.833163 -1.415781 -0.994640 
-2.841292 -1.338364 -0.924312 
-2.849438 -1.261459 -0.854843 
-2.857563 -1.185085 -0.786290 
-2.865624 -1.109264 -0.718709 
-2.873577 -1.034008 -0.652153 
-2.881370 -0.959331 -0.586669 
-2.888952 -0.885236 -0.522300 
-2.896267 -0.811726 -0.459076 
-2.903256 -0.738793 -0.397020 
-2.909859 -0.666424 -0.336138 
-2.916018 -0.594599 -0.276422 
-2.921672 -0.523289 -0.217844 
-2.926765 -0.452458 -0.160356 
-2.931244 -0.382061 -0.103887 
-2.935058 -0.312046 -0.048343 
-2.938165 -0.242355 0.006395 
-2.940529 -0.172921 0.060469 
-2.942120 -0.103677 0.114043 
-2.942921 -0.034546 0.167302 
-2.942921 0.034546 0.220445 
-2.942120 0.103676 0.273686 
-2.940529 0.172921 0.327242 
-2.938165 0.242354 0.381335 
-2.935058 0.312045 0.436181 
-2.931244 0.382060 0.491986 
-2.926765 0.452457 0.548940 
-2.921672 0.523288 0.607215 
-2.916018 0.594598 0.666959 
-2.909859 0.666423 0.728293 
-2.903256 0.738792 0.791312 
-2.896267 0.811725 0.856083 
-2.888952 0.885236 0.922647 
-2.881371 0.959330 0.991017 
-2.873577 1.034008 1.061184 
-2.865624 1.109263 1.133119 
-2.857563 1.185085 1.206774 
-2.849438 1.261458 1.282085 
-2.841292 1.338363 1.358978 
-2.833163 1.415780 1.437370 
-2.825083 1.493685 1.517171 
-2.817083 1.572051 1.598285 
-2.809188 1.650854 1.680619 
-2.801420 1.730067 1.764076 
-2.793798 1.809663 1.848561 

-2.593775 -1.789654 -1.338405 
-2.602368 -1.709583 -1.263888 
-2.611184 -1.629935 -1.189987 
-2.620205 -1.550748 -1.116767 
-2.629410 -1.472056 -1.044299 
-2.638773 -1.393898 -0.972658 
-2.648261 -1.316311 -0.901923 
-2.657836 -1.239330 -0.832178 
-2.667456 -1.162991 -0.763508 
-2.677071 -1.087323 -0.696000 
-2.686623 -1.012356 -0.629739 
-2.696051 -0.938111 -0.564810 
-2.705287 -0.864606 -0.501290 
-2.714256 -0.791849 -0.439248 
-2.722882 -0.719843 -0.378740 
-2.731083 -0.648576 -0.319806 
-2.738776 -0.578031 -0.262467 
-2.745878 -0.508175 -0.206715 
-2.752306 -0.438965 -0.152517 
-2.757984 -0.370346 -0.099802 
-2.762838 -0.302250 -0.048465 
-2.766804 -0.234601 0.001637 
-2.769829 -0.167309 0.050686 
-2.771870 -0.100279 0.098904 
-2.772898 -0.033409 0.146545 
-2.772898 0.033408 0.193891 
-2.771870 0.100278 0.241248 
-2.769829 0.167308 0.288935 
-2.766804 0.234600 0.337274 
-2.762838 0.302250 0.386580 
-2.757984 0.370345 0.437152 
-2.752306 0.438964 0.489265 
-2.745878 0.508174 0.543157 
-2.738776 0.578030 0.599032 
-2.731083 0.648576 0.657049 
-2.722882 0.719842 0.717322 
-2.714256 0.791849 0.779924 
-2.705287 0.864605 0.844884 
-2.696051 0.938110 0.912195 
-2.686623 1.012355 0.981814 
-2.677071 1.087322 1.053672 
-2.667456 1.162990 1.127677 
-2.657837 1.239330 1.203717 
-2.648261 1.316310 1.281668 
-2.638773 1.393898 1.361399 
-2.629410 1.472055 1.442774 
-2.620205 1.550747 1.525654 
-2.611184 1.629935 1.609904 
-2.602368 1.709582 1.695391 
-2.593775 1.789653 1.781990 

-2.392265 -1.767221 -1.316184 
-2.401909 -1.686456 -1.240550 
-2.411878 -1.606147 -1.165532 
-2.422159 -1.526342 -1.091211 
-2.432734 -1.447091 -1.017675 
-2.443577 -1.368446 -0.945022 
-2.454658 -1.290460 -0.873358 
-2.465935 -1.213187 -0.802798 
-2.477362 -1.136680 -0.733463 
-2.488880 -1.060989 -0.665481 
-2.500423 -0.986162 -0.598986 
-2.511914 -0.912242 -0.534114 
-2.523265 -0.839263 -0.470998 
-2.534381 -0.767252 -0.409767 
-2.545157 -0.696224 -0.350540 
-2.555482 -0.626180 -0.293416 
-2.565237 -0.557108 -0.238474 
-2.574305 -0.488975 -0.185755 
-2.582564 -0.421733 -0.135264 
-2.589900 -0.355314 -0.086954 
-2.596202 -0.289631 -0.040721 
-2.601373 -0.224579 0.003598 
-2.605330 -0.160037 0.046235 
-2.608006 -0.095869 0.087487 
-2.609356 -0.031931 0.127710 
-2.609356 0.031930 0.167318 
-2.608006 0.095869 0.206765 
-2.605330 0.160036 0.246530 
-2.601373 0.224579 0.287105 
-2.596202 0.289631 0.328966 
-2.589900 0.355314 0.372567 
-2.582564 0.421732 0.418311 
-2.574305 0.488974 0.466546 
-2.565238 0.557107 0.517552 
-2.555482 0.626180 0.571533 
-2.545157 0.696223 0.628622 
-2.534381 0.767251 0.688880 
-2.523265 0.839262 0.752304 
-2.511914 0.912241 0.818834 
-2.500423 0.986161 0.888363 
-2.488880 1.060988 0.960746 
-2.477362 1.136679 1.035812 
-2.465935 1.213187 1.113370 
-2.454658 1.290459 1.193219 
-2.443578 1.368445 1.275155 
-2.432734 1.447090 1.358973 
-2.422159 1.526341 1.444476 
-2.411878 1.606146 1.531474 
-2.401909 1.686455 1.619790 
-2.392265 1.767220 1.709255 

-2.188656 -1.742230 -1.290597 
-2.199401 -1.660487 -1.213393 
-2.210602 -1.579217 -1.136756 
-2.222255 -1.498480 -1.060778 
-2.234351 -1.418342 -0.985566 
-2.246871 -1.338875 -0.911238 
-2.259789 -1.260153 -0.837928 
-2.273067 -1.182252 -0.765785 
-2.286658 -1.105253 -0.694975 
-2.300499 -1.029235 -0.625679 
-2.314513 -0.954277 -0.558091 
-2.328610 -0.880452 -0.492420 
-2.342681 -0.807827 -0.428883 
-2.356603 -0.736460 -0.367702 
-2.370234 -0.666394 -0.309097 
-2.383423 -0.597652 -0.253276 
-2.396001 -0.530240 -0.200424 
-2.407794 -0.464135 -0.150689 
-2.418624 -0.399286 -0.104165 
-2.428313 -0.335614 -0.060879 
-2.436691 -0.273006 -0.020770 
-2.443602 -0.211319 0.016326 
-2.448914 -0.150383 0.050685 
-2.452517 -0.090003 0.082701 
-2.454337 -0.029963 0.112886 
-2.454337 0.029962 0.141859 
-2.452517 0.090002 0.170321 
-2.448914 0.150383 0.199034 
-2.443603 0.211319 0.228776 
-2.436691 0.273005 0.260313 
-2.428313 0.335613 0.294355 
-2.418624 0.399285 0.331527 
-2.407794 0.464134 0.372342 
-2.396001 0.530239 0.417188 
-2.383423 0.597652 0.466320 
-2.370235 0.666393 0.519866 
-2.356603 0.736460 0.577835 
-2.342681 0.807827 0.640135 
-2.328610 0.880451 0.706592 
-2.314513 0.954276 0.776968 
-2.300499 1.029235 0.850984 
-2.286658 1.105253 0.928330 
-2.273068 1.182252 1.008688 
-2.259789 1.260152 1.091737 
-2.246871 1.338874 1.177166 
-2.234351 1.418342 1.264678 
-2.222255 1.498479 1.353995 
-2.210602 1.579216 1.444862 
-2.199401 1.660486 1.537046 
-2.188656 1.742229 1.630338 

-1.982185 -1.714659 -1.262017 
-1.994019 -1.631586 -1.182738 
-2.006473 -1.548970 -1.103904 
-2.019559 -1.466887 -1.025615 
-2.033283 -1.385420 -0.947984 
-2.047641 -1.304663 -0.871147 
-2.062622 -1.224715 -0.795260 
-2.078200 -1.145685 -0.720504 
-2.094336 -1.067689 -0.647088 
-2.110971 -0.990847 -0.575248 
-2.128028 -0.915282 -0.505254 
-2.145404 -0.841120 -0.437406 
-2.162973 -0.768481 -0.372034 
-2.180579 -0.697474 -0.309496 
-2.198039 -0.628197 -0.250170 
-2.215142 -0.560722 -0.194444 
-2.231652 -0.495095 -0.142697 
-2.247310 -0.431322 -0.095285 
-2.261843 -0.369367 -0.052504 
-2.274972 -0.309143 -0.014564 
-2.286423 -0.250511 0.018451 
-2.295940 -0.193274 0.046623 
-2.303295 -0.137188 0.070228 
-2.308307 -0.081959 0.089768 
-2.310846 -0.027260 0.105976 
-2.310846 0.027260 0.119808 
-2.308307 0.081958 0.132404 
-2.303295 0.137187 0.145034 
-2.295940 0.193274 0.159023 
-2.286424 0.250510 0.175667 
-2.274972 0.309143 0.196151 
-2.261843 0.369367 0.221480 
-2.247310 0.431322 0.252434 
-2.231652 0.495095 0.289540 
-2.215142 0.560722 0.333073 
-2.198039 0.628196 0.383079 
-2.180579 0.697474 0.439407 
-2.162973 0.768480 0.501750 
-2.145404 0.841120 0.569689 
-2.128028 0.915282 0.642735 
-2.110971 0.990846 0.720359 
-2.094336 1.067688 0.802029 
-2.078200 1.145685 0.887222 
-2.062622 1.224714 0.975442 
-2.047642 1.304662 1.066234 
-2.033283 1.385420 1.159182 
-2.019560 1.466886 1.253915 
-2.006474 1.548969 1.350105 
-1.994019 1.631585 1.447465 
-1.982185 1.714658 1.545748 

-1.771930 -1.684681 -1.231216 
-1.784745 -1.599856 -1.149349 
-1.798373 -1.515424 -1.067716 
-1.812850 -1.431471 -0.986405 
-1.828208 -1.348099 -0.905527 
-1.844475 -1.265422 -0.825213 
-1.861665 -1.183567 -0.745627 
-1.879782 -1.102681 -0.666964 
-1.898813 -1.022924 -0.589462 
-1.918722 -0.944470 -0.513403 
-1.939446 -0.867510 -0.439123 
-1.960891 -0.792242 -0.367020 
-1.982921 -0.718870 -0.297556 
-2.005358 -0.647599 -0.231260 
-2.027974 -0.578621 -0.168732 
-2.050489 -0.512107 -0.110637 
-2.072569 -0.448192 -0.057683 
-2.093832 -0.386958 -0.010604 
-2.113854 -0.328423 0.029886 
-2.132185 -0.272519 0.063152 
-2.148364 -0.219087 0.088709 
-2.161948 -0.167866 0.106320 
-2.172534 -0.118492 0.116082 
-2.179791 -0.070515 0.118524 
-2.183482 -0.023407 0.114657 
-2.183482 0.023406 0.105993 
-2.179792 0.070515 0.094488 
-2.172534 0.118492 0.082426 
-2.161948 0.167865 0.072244 
-2.148364 0.219087 0.066317 
-2.132185 0.272519 0.066769 
-2.113854 0.328422 0.075302 
-2.093832 0.386958 0.093105 
-2.072569 0.448191 0.120828 
-2.050489 0.512107 0.158617 
-2.027974 0.578621 0.206195 
-2.005358 0.647599 0.262968 
-1.982921 0.718870 0.328126 
-1.960891 0.792241 0.400744 
-1.939447 0.867509 0.479856 
-1.918722 0.944470 0.564513 
-1.898813 1.022923 0.653823 
-1.879782 1.102680 0.746973 
-1.861665 1.183567 0.843241 
-1.844475 1.265421 0.941997 
-1.828209 1.348099 1.042698 
-1.812850 1.431471 1.144887 
-1.798373 1.515423 1.248177 
-1.784746 1.599855 1.352251 
-1.771930 1.684680 1.456843 

-1.556845 -1.652759 -1.199454 
-1.570388 -1.565715 -1.114561 
-1.584950 -1.478926 -1.029586 
-1.600605 -1.392483 -0.944588 
-1.617426 -1.306496 -0.859646 
-1.635485 -1.221093 -0.774862 
-1.654849 -1.136429 -0.690372 
-1.675573 -1.052682 -0.606349 
-1.697701 -0.970060 -0.523016 
-1.721252 -0.888804 -0.440660 
-1.746218 -0.809185 -0.359640 
-1.772548 -0.731505 -0.280411 
-1.800138 -0.656097 -0.203538 
-1.828818 -0.583312 -0.129717 
-1.858340 -0.513514 -0.059797 
-1.888359 -0.447058 0.005206 
-1.918429 -0.384270 0.064100 
-1.947995 -0.325416 0.115525 
-1.976399 -0.270666 0.157991 
-2.002896 -0.220057 0.189950 
-2.026685 -0.173459 0.209926 
-2.046956 -0.130546 0.216708 
-2.062947 -0.090787 0.209594 
-2.074008 -0.053451 0.188677 
-2.079664 -0.017643 0.155105 
-2.079664 0.017643 0.111243 
-2.074008 0.053451 0.060657 
-2.062948 0.090787 0.007859 
-2.046957 0.130546 -0.042167 
-2.026685 0.173458 -0.084558 
-2.002896 0.220056 -0.115160 
-1.976399 0.270665 -0.130941 
-1.947995 0.325416 -0.130180 
-1.918429 0.384270 -0.112417 
-1.888359 0.447057 -0.078232 
-1.858340 0.513513 -0.028942 
-1.828819 0.583311 0.033698 
-1.800138 0.656096 0.107755 
-1.772548 0.731504 0.191305 
-1.746218 0.809184 0.282552 
-1.721253 0.888803 0.379898 
-1.697701 0.970059 0.481965 
-1.675573 1.052681 0.587595 
-1.654849 1.136428 0.695834 
-1.635485 1.221092 0.805909 
-1.617426 1.306495 0.917199 
-1.600605 1.392482 1.029215 
-1.584950 1.478925 1.141572 
-1.570388 1.565714 1.253974 
-1.556845 1.652758 1.366195 

-1.335848 -1.619764 -1.168514 
-1.349666 -1.530036 -1.080338 
-1.364698 -1.440331 -0.991671 
-1.381063 -1.350727 -0.902517 
-1.398889 -1.261325 -0.812891 
-1.418311 -1.172252 -0.722827 
-1.439472 -1.083667 -0.632381 
-1.462513 -0.995764 -0.541644 
-1.487577 -0.908787 -0.450754 
-1.514793 -0.823030 -0.359908 
-1.544269 -0.738847 -0.269386 
-1.576077 -0.656662 -0.179577 
-1.610233 -0.576970 -0.091019 
-1.646667 -0.500340 -0.004439 
-1.685198 -0.427409 0.079187 
-1.725493 -0.358863 0.158566 
-1.767032 -0.295409 0.232012 
-1.809074 -0.237723 0.297369 
-1.850631 -0.186382 0.351953 
-1.890475 -0.141770 0.392546 
-1.927167 -0.103985 0.415489 
-1.959146 -0.072738 0.416958 
-1.984849 -0.047282 0.393485 
-2.002880 -0.026402 0.342772 
-2.012182 -0.008463 0.264718 
-2.012182 0.008462 0.162407 
-2.002881 0.026402 0.042627 
-1.984849 0.047282 -0.084539 
-1.959146 0.072737 -0.207176 
-1.927168 0.103985 -0.313711 
-1.890475 0.141770 -0.394993 
-1.850631 0.186381 -0.445551 
-1.809074 0.237723 -0.463753 
-1.767033 0.295409 -0.451087 
-1.725493 0.358863 -0.411056 
-1.685198 0.427408 -0.348102 
-1.646667 0.500340 -0.266803 
-1.610233 0.576969 -0.171378 
-1.576078 0.656661 -0.065455 
-1.544269 0.738846 0.047997 
-1.514793 0.823029 0.166625 
-1.487577 0.908787 0.288615 
-1.462514 0.995764 0.412593 
-1.439472 1.083666 0.537540 
-1.418312 1.172251 0.662708 
-1.398889 1.261324 0.787564 
-1.381063 1.350726 0.911729 
-1.364698 1.440330 1.034946 
-1.349666 1.530035 1.157045 
-1.335848 1.619763 1.277922 

-1.107981 -1.587067 -1.140623 
-1.121389 -1.494281 -1.049212 
-1.136147 -1.401179 -0.956850 
-1.152420 -1.307804 -0.863461 
-1.170398 -1.214217 -0.768968 
-1.190289 -1.120509 -0.673296 
-1.212330 -1.026803 -0.576370 
-1.236780 -0.933265 -0.478127 
-1.263926 -0.840122 -0.378521 
-1.294071 -0.747672 -0.277537 
-1.327535 -0.656304 -0.175206 
-1.364634 -0.566523 -0.071639 
-1.405661 -0.478973 0.032938 
-1.450848 -0.394464 0.138120 
-1.500316 -0.313993 0.243235 
-1.553998 -0.238757 0.347218 
-1.611546 -0.170144 0.448427 
-1.672214 -0.109682 0.544394 
-1.734732 -0.058936 0.631484 
-1.797204 -0.019327 0.704489 
-1.857065 0.008131 0.756203 
-1.911163 0.023155 0.777159 
-1.956014 0.026506 0.755893 
-1.988236 0.020200 0.680366 
-2.005109 0.007483 0.541203 
-2.005109 -0.007483 0.336817 
-1.988236 -0.020200 0.078734 
-1.956015 -0.026506 -0.206642 
-1.911164 -0.023155 -0.483233 
-1.857065 -0.008131 -0.716245 
-1.797204 0.019327 -0.882553 
-1.734733 0.058936 -0.974637 
-1.672215 0.109681 -0.997717 
-1.611547 0.170143 -0.963937 
-1.553999 0.238757 -0.887220 
-1.500317 0.313992 -0.780223 
-1.450849 0.394463 -0.653126 
-1.405662 0.478972 -0.513540 
-1.364635 0.566522 -0.366883 
-1.327536 0.656303 -0.216873 
-1.294072 0.747671 -0.065993 
-1.263926 0.840122 0.084152 
-1.236781 0.933264 0.232558 
-1.212330 1.026802 0.378631 
-1.190289 1.120508 0.522052 
-1.170398 1.214216 0.662680 
-1.152421 1.307803 0.800493 
-1.136147 1.401178 0.935544 
-1.121389 1.494280 1.067928 
-1.107981 1.587066 1.197769 

-0.872658 -1.556561 -1.118215 
-0.884747 -1.460560 -1.024020 
-0.898201 -1.363813 -0.928436 
-0.913220 -1.266296 -0.831301 
-0.930038 -1.167997 -0.732434 
-0.948929 -1.068920 -0.631629 
-0.970219 -0.969091 -0.528650 
-0.994287 -0.868572 -0.423234 
-1.021580 -0.767474 -0.315079 
-1.052618 -0.665978 -0.203851 
-1.088007 -0.564367 -0.089175 
-1.128438 -0.463066 0.029353 
-1.174690 -0.362691 0.152161 
-1.227606 -0.264129 0.279677 
-1.288057 -0.168620 0.412274 
-1.356849 -0.077872 0.550185 
-1.434572 0.005827 0.693330 
-1.521345 0.079518 0.841011 
-1.616443 0.139560 0.991359 
-1.717797 0.181797 1.140369 
-1.821451 0.202051 1.280223 
-1.921182 0.197043 1.396556 
-2.008624 0.165729 1.464419 
-2.074316 0.110699 1.443825 
-2.109728 0.038923 1.279231 
-2.109728 -0.038923 0.913979 
nan nan 0.332082 
nan nan -0.389511 
nan nan -1.086880 
nan nan -1.605071 
nan nan -1.885533 
nan nan -1.959202 
-1.521346 -0.079519 -1.890490 
-1.434573 -0.005828 -1.737851 
-1.356850 0.077871 -1.541982 
-1.288058 0.168619 -1.327735 
-1.227607 0.264128 -1.109133 
-1.174690 0.362690 -0.893589 
-1.128439 0.463065 -0.684714 
-1.088007 0.564366 -0.484008 
-1.052619 0.665977 -0.291835 
-1.021580 0.767473 -0.107972 
-0.994287 0.868571 0.068083 
-0.970219 0.969090 0.236948 
-0.948930 1.068919 0.399263 
-0.930038 1.167996 0.555650 
-0.913220 1.266295 0.706685 
-0.898201 1.363812 0.852894 
-0.884747 1.460559 0.994751 
-0.872658 1.556560 1.132678 

-0.629963 -1.530550 -1.103550 
-0.639684 -1.431527 -1.007446 
-0.650607 -1.331291 -0.909630 
-0.662930 -1.229731 -0.809874 
-0.676895 -1.126729 -0.707911 
-0.692796 -1.022155 -0.603424 
-0.710992 -0.915876 -0.496040 
-0.731925 -0.807758 -0.385313 
-0.756140 -0.697672 -0.270706 
-0.784316 -0.585513 -0.151573 
-0.817300 -0.471215 -0.027124 
-0.856153 -0.354796 0.103610 
-0.902206 -0.236410 0.241827 
-0.957123 -0.116449 0.389024 
-1.022972 0.004304 0.547083 
-1.102279 0.124440 0.718388 
-1.198021 0.241550 0.905980 
-1.313484 0.351687 1.113742 
-1.451788 0.448632 1.346598 
-1.614803 0.523064 1.610642 
-1.801036 0.562050 1.912883 
nan nan 2.259665 
nan nan 2.650847 
nan nan 3.060763 
nan nan 3.380265 
nan nan 3.268556 
nan nan 1.996666 
nan nan -0.779442 
nan nan -3.384862 
nan nan -4.368662 
nan nan -4.256309 
nan nan -3.770558 
nan nan -3.226568 
nan nan -2.720665 
nan nan -2.272649 
nan nan -1.879557 
-0.957123 0.116448 -1.533091 
-0.902206 0.236408 -1.224858 
-0.856153 0.354794 -0.947711 
-0.817300 0.471214 -0.695891 
-0.784316 0.585512 -0.464839 
-0.756140 0.697671 -0.250960 
-0.731925 0.807757 -0.051408 
-0.710993 0.915875 0.136088 
-0.692796 1.022154 0.313353 
-0.676895 1.126728 0.481864 
-0.662930 1.229730 0.642833 
-0.650607 1.331290 0.797255 
-0.639685 1.431526 0.945960 
-0.629963 1.530550 1.089642 

-0.380903 -1.511446 -1.098258 
-0.387241 -1.410035 -1.001448 
-0.394412 -1.307005 -0.902803 
-0.402568 -1.202157 -0.802068 
-0.411895 -1.095257 -0.698940 
-0.422624 -0.986036 -0.593060 
-0.435049 -0.874176 -0.483995 
-0.449539 -0.759304 -0.371222 
-0.466569 -0.640980 -0.254105 
-0.486758 -0.518686 -0.131857 
-0.510917 -0.391810 -0.003503 
-0.540126 -0.259635 0.132190 
-0.575849 -0.121327 0.276793 
-0.620093 0.024059 0.432342 
-0.675657 0.177546 0.601522 
-0.746508 0.340126 0.787940 
-0.838347 0.512492 0.996553 
-0.959458 0.694419 1.234362 
-1.121885 0.883369 1.511562 
nan nan 1.843581 
nan nan 2.254886 
nan nan 2.786659 
nan nan 3.513835 
nan nan 4.588148 
nan nan 6.369069 
nan nan 9.957897 
nan nan 21.070522 
nan nan -132.337122 
nan nan -20.976899 
nan nan -10.871468 
nan nan -7.251226 
nan nan -5.342972 
nan nan -4.137780 
nan nan -3.290636 
nan nan -2.651157 
nan nan -2.143163 
nan nan -1.723869 
nan nan -1.367352 
nan nan -1.056974 
-0.510917 0.391809 -0.781550 
-0.486758 0.518685 -0.533276 
-0.466570 0.640979 -0.306538 
-0.449539 0.759303 -0.097189 
-0.435049 0.874175 0.097904 
-0.422624 0.986035 0.281151 
-0.411895 1.095256 0.454440 
-0.402568 1.202155 0.619270 
-0.394412 1.307004 0.776850 
-0.387241 1.410034 0.928162 
-0.380903 1.511445 1.074016 

-0.127486 -1.501298 -1.102956 
-0.129692 -1.398562 -1.006773 
-0.132196 -1.293966 -0.908865 
-0.135057 -1.187254 -0.809001 
-0.138344 -1.078122 -0.706908 
-0.142147 -0.966203 -0.602267 
-0.146580 -0.851052 -0.494697 
-0.151789 -0.732125 -0.383743 
-0.157966 -0.608752 -0.268860 
-0.165367 -0.480091 -0.149385 
-0.174335 -0.345079 -0.024508 
-0.185348 -0.202348 0.106767 
-0.199073 -0.050112 0.245677 
-0.216476 0.114002 0.393774 
-0.238991 0.293219 0.553024 
-0.268824 0.492017 0.725932 
-0.309495 0.716790 0.915728 
-0.366909 0.976942 1.126594 
nan nan 1.363939 
nan nan 1.634680 
nan nan 1.947253 
nan nan 2.310574 
nan nan 2.729160 
nan nan 3.185368 
nan nan 3.579965 
nan nan 3.560486 
nan nan 2.271247 
nan nan -0.823811 
nan nan -3.714377 
nan nan -4.681367 
nan nan -4.466385 
nan nan -3.902625 
nan nan -3.310903 
nan nan -2.776532 
nan nan -2.311124 
nan nan -1.907014 
nan nan -1.553305 
nan nan -1.240145 
nan nan -0.959542 
nan nan -0.705232 
-0.165367 0.480090 -0.472344 
-0.157966 0.608750 -0.257082 
-0.151789 0.732124 -0.056469 
-0.146580 0.851050 0.131855 
-0.142147 0.966202 0.309774 
-0.138344 1.078121 0.478810 
-0.135057 1.187253 0.640204 
-0.132196 1.293965 0.794975 
-0.129692 1.398561 0.943969 
-0.127486 1.501297 1.087892 

0.127483 -1.501298 -1.117096 
0.129689 -1.398561 -1.022758 
0.132193 -1.293966 -0.927007 
0.135054 -1.187254 -0.829677 
0.138341 -1.078122 -0.730581 
0.142144 -0.966203 -0.629504 
0.146577 -0.851051 -0.526202 
0.151785 -0.732125 -0.420398 
0.157962 -0.608752 -0.311776 
0.165363 -0.480091 -0.199981 
0.174332 -0.345079 -0.084611 
0.185344 -0.202347 0.034775 
0.199068 -0.050112 0.158651 
0.216471 0.114003 0.287507 
0.238986 0.293220 0.421804 
0.268818 0.492018 0.561890 
0.309489 0.716791 0.707840 
nan nan 0.859164 
nan nan 1.014263 
nan nan 1.169456 
nan nan 1.317253 
nan nan 1.443438 
nan nan 1.522583 
nan nan 1.512621 
nan nan 1.352917 
nan nan 0.978319 
nan nan 0.365535 
nan nan -0.404057 
nan nan -1.147393 
nan nan -1.691799 
nan nan -1.976707 
nan nan -2.041574 
nan nan -1.959385 
nan nan -1.793409 
nan nan -1.586164 
nan nan -1.362813 
nan nan -1.137117 
nan nan -0.916096 
nan nan -0.702989 
nan nan -0.498996 
0.165363 0.480089 -0.304249 
0.157962 0.608750 -0.118352 
0.151785 0.732124 0.059325 
0.146577 0.851050 0.229497 
0.142144 0.966201 0.392874 
0.138341 1.078121 0.550131 
0.135054 1.187253 0.701886 
0.132193 1.293965 0.848695 
0.129689 1.398560 0.991056 
0.127483 1.501297 1.129408 

0.380900 -1.511446 -1.139099 
0.387238 -1.410035 -1.047504 
0.394409 -1.307005 -0.954930 
0.402565 -1.202156 -0.861296 
0.411892 -1.095257 -0.766520 
0.422621 -0.986036 -0.670516 
0.435046 -0.874175 -0.573203 
0.449535 -0.759303 -0.474507 
0.466566 -0.640980 -0.374366 
0.486755 -0.518686 -0.272749 
0.510913 -0.391810 -0.169667 
0.540122 -0.259634 -0.065205 
0.575845 -0.121326 0.040440 
0.620088 0.024061 0.146898 
0.675652 0.177548 0.253539 
0.746503 0.340128 0.359340 
0.838342 0.512495 0.462702 
nan nan 0.561182 
nan nan 0.651141 
nan nan 0.727293 
nan nan 0.782221 
nan nan 0.806030 
nan nan 0.786524 
nan nan 0.710595 
nan nan 0.567627 
nan nan 0.355114 
nan nan 0.084732 
nan nan -0.215397 
nan nan -0.506308 
nan nan -0.750447 
nan nan -0.923274 
nan nan -1.017428 
nan nan -1.039260 
nan nan -1.002252 
nan nan -0.921420 
nan nan -0.810140 
nan nan -0.678997 
nan nan -0.535785 
nan nan -0.385973 
nan nan -0.233268 
0.486755 0.518684 -0.080105 
0.466566 0.640978 0.071963 
0.449536 0.759302 0.221989 
0.435046 0.874174 0.369426 
0.422621 0.986034 0.513999 
0.411892 1.095256 0.655604 
0.402565 1.202155 0.794248 
0.394409 1.307004 0.930008 
0.387238 1.410034 1.063001 
0.380900 1.511445 1.193366 

0.629960 -1.530550 -1.166731 
0.639682 -1.431527 -1.078355 
0.650604 -1.331290 -0.989463 
0.662927 -1.229731 -0.900052 
0.676892 -1.126728 -0.810133 
0.692793 -1.022154 -0.719735 
0.710989 -0.915875 -0.628907 
0.731922 -0.807757 -0.537734 
0.756137 -0.697672 -0.446344 
0.784313 -0.585512 -0.354926 
0.817297 -0.471214 -0.263750 
0.856150 -0.354794 -0.173195 
0.902202 -0.236408 -0.083790 
0.957119 -0.116448 0.003745 
1.022969 0.004306 0.088436 
1.102275 0.124442 0.168985 
1.198018 0.241553 0.243682 
1.313481 0.351691 0.310330 
nan nan 0.366167 
nan nan 0.407849 
nan nan 0.431537 
nan nan 0.433164 
nan nan 0.408972 
nan nan 0.356377 
nan nan 0.275074 
nan nan 0.168135 
nan nan 0.042613 
nan nan -0.090858 
nan nan -0.219645 
nan nan -0.331477 
nan nan -0.416719 
nan nan -0.469715 
nan nan -0.488923 
nan nan -0.476098 
nan nan -0.435069 
nan nan -0.370591 
nan nan -0.287494 
nan nan -0.190182 
nan nan -0.082401 
nan nan 0.032805 
0.784313 0.585511 0.153048 
0.756137 0.697670 0.276496 
0.731922 0.807756 0.401778 
0.710989 0.915874 0.527881 
0.692793 1.022153 0.654070 
0.676892 1.126727 0.779824 
0.662927 1.229730 0.904779 
0.650604 1.331290 1.028691 
0.639682 1.431525 1.151402 
0.629960 1.530549 1.272818 

0.872655 -1.556561 -1.197554 
0.884745 -1.460560 -1.112468 
0.898199 -1.363812 -1.027279 
0.913217 -1.266296 -0.942042 
0.930035 -1.167997 -0.856833 
0.948927 -1.068920 -0.771752 
0.970216 -0.969091 -0.686931 
0.994284 -0.868571 -0.602540 
1.021577 -0.767473 -0.518800 
1.052615 -0.665977 -0.435995 
1.088004 -0.564366 -0.354483 
1.128435 -0.463065 -0.274720 
1.174687 -0.362690 -0.197273 
1.227603 -0.264127 -0.122847 
1.288055 -0.168618 -0.052304 
1.356847 -0.077870 0.013319 
1.434570 0.005829 0.072797 
1.521343 0.079521 0.124726 
1.616441 0.139562 0.167553 
nan nan 0.199653 
nan nan 0.219463 
nan nan 0.225671 
nan nan 0.217488 
nan nan 0.194944 
nan nan 0.159176 
nan nan 0.112607 
nan nan 0.058941 
nan nan 0.002895 
nan nan -0.050305 
nan nan -0.095563 
nan nan -0.128537 
nan nan -0.146086 
nan nan -0.146459 
nan nan -0.129238 
nan nan -0.095086 
nan nan -0.045431 
nan nan 0.017865 
nan nan 0.092768 
1.128436 0.463064 0.177273 
1.088004 0.564365 0.269523 
1.052616 0.665976 0.367873 
1.021577 0.767472 0.470914 
0.994285 0.868570 0.577469 
0.970216 0.969090 0.686573 
0.948927 1.068919 0.797446 
0.930035 1.167996 0.909469 
0.913217 1.266295 1.022151 
0.898199 1.363811 1.135114 
0.884745 1.460559 1.248065 
0.872656 1.556560 1.360781 

1.107978 -1.587067 -1.229322 
1.121386 -1.494281 -1.147284 
1.136144 -1.401179 -1.065465 
1.152418 -1.307803 -0.983951 
1.170395 -1.214217 -0.902850 
1.190286 -1.120509 -0.822296 
1.212327 -1.026802 -0.742449 
1.236778 -0.933265 -0.663506 
1.263923 -0.840122 -0.585705 
1.294069 -0.747671 -0.509330 
1.327533 -0.656303 -0.434720 
1.364632 -0.566522 -0.362278 
1.405659 -0.478972 -0.292473 
1.450846 -0.394462 -0.225847 
1.500314 -0.313991 -0.163015 
1.553996 -0.238756 -0.104658 
1.611544 -0.170142 -0.051512 
1.672212 -0.109680 -0.004341 
1.734731 -0.058934 0.036107 
1.797203 -0.019326 0.069158 
1.857064 0.008133 0.094291 
nan nan 0.111233 
nan nan 0.120060 
nan nan 0.121292 
nan nan 0.115958 
nan nan 0.105611 
nan nan 0.092278 
nan nan 0.078331 
nan nan 0.066303 
nan nan 0.058668 
nan nan 0.057627 
nan nan 0.064944 
nan nan 0.081835 
nan nan 0.108954 
nan nan 0.146428 
nan nan 0.193946 
1.450847 0.394462 0.250870 
1.405659 0.478971 0.316345 
1.364632 0.566521 0.389402 
1.327533 0.656302 0.469037 
1.294069 0.747670 0.554269 
1.263923 0.840121 0.644180 
1.236778 0.933264 0.737937 
1.212327 1.026801 0.834803 
1.190286 1.120508 0.934136 
1.170395 1.214216 1.035389 
1.152418 1.307802 1.138098 
1.136144 1.401178 1.241877 
1.121386 1.494280 1.346405 
1.107978 1.587066 1.451419 

1.335845 -1.619764 -1.260222 
1.349663 -1.530036 -1.180801 
1.364695 -1.440330 -1.101816 
1.381060 -1.350726 -1.023365 
1.398886 -1.261324 -0.945564 
1.418309 -1.172252 -0.868547 
1.439469 -1.083666 -0.792471 
1.462511 -0.995764 -0.717519 
1.487574 -0.908787 -0.643902 
1.514790 -0.823029 -0.571861 
1.544266 -0.738846 -0.501669 
1.576075 -0.656661 -0.433632 
1.610230 -0.576969 -0.368088 
1.646665 -0.500339 -0.305405 
1.685196 -0.427408 -0.245971 
1.725491 -0.358862 -0.190187 
1.767031 -0.295408 -0.138452 
1.809072 -0.237722 -0.091134 
1.850630 -0.186381 -0.048550 
1.890473 -0.141769 -0.010925 
1.927166 -0.103984 0.021642 
1.959145 -0.072737 0.049221 
1.984849 -0.047281 0.072088 
2.002880 -0.026402 0.090748 
2.012181 -0.008462 0.105951 
2.012181 0.008462 0.118678 
nan nan 0.130105 
nan nan 0.141545 
nan nan 0.154369 
nan nan 0.169917 
nan nan 0.189414 
1.850630 0.186380 0.213896 
1.809073 0.237722 0.244162 
1.767031 0.295407 0.280749 
1.725491 0.358861 0.323930 
1.685196 0.427407 0.373742 
1.646665 0.500339 0.430017 
1.610231 0.576968 0.492428 
1.576075 0.656660 0.560536 
1.544267 0.738846 0.633829 
1.514790 0.823028 0.711761 
1.487575 0.908786 0.793780 
1.462511 0.995763 0.879349 
1.439469 1.083665 0.967962 
1.418309 1.172251 1.059151 
1.398887 1.261324 1.152493 
1.381060 1.350725 1.247611 
1.364695 1.440329 1.344174 
1.349663 1.530035 1.441892 
1.335846 1.619763 1.540515 

1.556843 -1.652758 -1.288961 
1.570385 -1.565714 -1.211647 
1.584947 -1.478925 -1.134895 
1.600602 -1.392483 -1.058798 
1.617424 -1.306495 -0.983462 
1.635483 -1.221093 -0.909008 
1.654846 -1.136428 -0.835572 
1.675570 -1.052681 -0.763305 
1.697698 -0.970060 -0.692374 
1.721250 -0.888803 -0.622964 
1.746216 -0.809184 -0.555274 
1.772545 -0.731504 -0.489517 
1.800135 -0.656096 -0.425917 
1.828816 -0.583311 -0.364702 
1.858338 -0.513513 -0.306101 
1.888357 -0.447057 -0.250329 
1.918427 -0.384270 -0.197580 
1.947993 -0.325415 -0.148012 
1.976397 -0.270665 -0.101727 
2.002894 -0.220056 -0.058758 
2.026684 -0.173458 -0.019049 
2.046955 -0.130546 0.017561 
2.062946 -0.090787 0.051351 
2.074007 -0.053451 0.082721 
2.079663 -0.017643 0.112196 
2.079663 0.017643 0.140407 
2.074007 0.053451 0.168079 
2.062946 0.090786 0.195993 
2.046955 0.130545 0.224953 
2.026684 0.173458 0.255748 
2.002894 0.220056 0.289107 
1.976397 0.270665 0.325673 
1.947993 0.325415 0.365974 
1.918427 0.384269 0.410402 
1.888357 0.447057 0.459218 
1.858338 0.513512 0.512545 
1.828816 0.583310 0.570388 
1.800136 0.656095 0.632647 
1.772546 0.731504 0.699138 
1.746216 0.809183 0.769611 
1.721250 0.888803 0.843776 
1.697698 0.970059 0.921314 
1.675571 1.052680 1.001896 
1.654846 1.136427 1.085192 
1.635483 1.221092 1.170883 
1.617424 1.306494 1.258666 
1.600602 1.392482 1.348259 
1.584947 1.478924 1.439401 
1.570385 1.565713 1.531856 
1.556843 1.652758 1.625413 

1.771927 -1.684680 -1.314741 
1.784743 -1.599855 -1.239027 
1.798371 -1.515423 -1.163927 
1.812847 -1.431471 -1.089523 
1.828206 -1.348099 -1.015905 
1.844472 -1.265421 -0.943172 
1.861662 -1.183567 -0.871432 
1.879780 -1.102681 -0.800800 
1.898811 -1.022923 -0.731402 
1.918720 -0.944470 -0.663369 
1.939444 -0.867509 -0.596837 
1.960889 -0.792241 -0.531945 
1.982919 -0.718870 -0.468831 
2.005356 -0.647599 -0.407630 
2.027972 -0.578621 -0.348464 
2.050487 -0.512107 -0.291438 
2.072567 -0.448191 -0.236634 
2.093830 -0.386958 -0.184100 
2.113852 -0.328422 -0.133842 
2.132183 -0.272519 -0.085817 
2.148362 -0.219087 -0.039923 
2.161946 -0.167865 0.004007 
2.172533 -0.118492 0.046205 
2.179790 -0.070515 0.086974 
2.183481 -0.023407 0.126680 
2.183481 0.023406 0.165743 
2.179790 0.070514 0.204631 
2.172533 0.118492 0.243835 
2.161947 0.167865 0.283859 
2.148362 0.219086 0.325195 
2.132183 0.272518 0.368306 
2.113852 0.328422 0.413606 
2.093830 0.386957 0.461452 
2.072567 0.448190 0.512127 
2.050487 0.512106 0.565840 
2.027972 0.578620 0.622725 
2.005356 0.647598 0.682841 
1.982919 0.718869 0.746181 
1.960889 0.792240 0.812681 
1.939444 0.867509 0.882228 
1.918720 0.944469 0.954671 
1.898811 1.022922 1.029833 
1.879780 1.102680 1.107516 
1.861663 1.183566 1.187516 
1.844472 1.265420 1.269620 
1.828206 1.348098 1.353620 
1.812848 1.431470 1.439315 
1.798371 1.515422 1.526510 
1.784743 1.599854 1.615026 
1.771927 1.684680 1.704692 

1.982182 -1.714659 -1.337169 
1.994017 -1.631586 -1.262597 
2.006471 -1.548970 -1.188641 
2.019557 -1.466886 -1.115369 
2.033281 -1.385420 -1.042851 
2.047639 -1.304663 -0.971165 
2.062620 -1.224715 -0.900391 
2.078198 -1.145685 -0.830614 
2.094334 -1.067688 -0.761922 
2.110969 -0.990846 -0.694403 
2.128026 -0.915282 -0.628146 
2.145402 -0.841120 -0.563238 
2.162971 -0.768480 -0.499757 
2.180577 -0.697474 -0.437777 
2.198037 -0.628196 -0.377356 
2.215141 -0.560722 -0.318538 
2.231650 -0.495095 -0.261344 
2.247308 -0.431322 -0.205770 
2.261842 -0.369367 -0.151783 
2.274971 -0.309143 -0.099313 
2.286422 -0.250510 -0.048256 
2.295938 -0.193274 0.001534 
2.303294 -0.137188 0.050242 
2.308306 -0.081959 0.098092 
2.310845 -0.027260 0.145345 
2.310845 0.027260 0.192289 
2.308306 0.081958 0.239237 
2.303294 0.137187 0.286515 
2.295938 0.193274 0.334452 
2.286422 0.250510 0.383372 
2.274971 0.309143 0.433582 
2.261842 0.369366 0.485360 
2.247308 0.431321 0.538954 
2.231651 0.495094 0.594567 
2.215141 0.560721 0.652363 
2.198037 0.628196 0.712458 
2.180577 0.697473 0.774923 
2.162971 0.768480 0.839786 
2.145402 0.841119 0.907039 
2.128026 0.915281 0.976637 
2.110969 0.990845 1.048506 
2.094334 1.067688 1.122550 
2.078198 1.145684 1.198655 
2.062620 1.224714 1.276693 
2.047639 1.304662 1.356528 
2.033281 1.385419 1.438022 
2.019557 1.466886 1.521032 
2.006471 1.548969 1.605421 
1.994017 1.631585 1.691053 
1.982182 1.714658 1.777801 

2.188654 -1.742230 -1.356150 
2.199398 -1.660487 -1.282335 
2.210599 -1.579216 -1.209106 
2.222253 -1.498479 -1.136516 
2.234349 -1.418342 -1.064618 
2.246869 -1.338875 -0.993469 
2.259787 -1.260152 -0.923128 
2.273065 -1.182252 -0.853654 
2.286656 -1.105253 -0.785106 
2.300496 -1.029235 -0.717540 
2.314511 -0.954277 -0.651013 
2.328608 -0.880452 -0.585572 
2.342679 -0.807827 -0.521261 
2.356601 -0.736460 -0.458114 
2.370233 -0.666393 -0.396153 
2.383421 -0.597652 -0.335389 
2.395999 -0.530240 -0.275811 
2.407792 -0.464134 -0.217395 
2.418622 -0.399286 -0.160092 
2.428311 -0.335613 -0.103831 
2.436689 -0.273005 -0.048517 
2.443601 -0.211319 0.005971 
2.448912 -0.150383 0.059775 
2.452515 -0.090002 0.113065 
2.454336 -0.029963 0.166026 
2.454336 0.029962 0.218864 
2.452515 0.090002 0.271796 
2.448912 0.150383 0.325045 
2.443601 0.211319 0.378836 
2.436689 0.273005 0.433391 
2.428311 0.335613 0.488920 
2.418622 0.399285 0.545618 
2.407792 0.464134 0.603659 
2.395999 0.530239 0.663195 
2.383421 0.597651 0.724347 
2.370233 0.666393 0.787214 
2.356601 0.736459 0.851862 
2.342679 0.807826 0.918330 
2.328608 0.880451 0.986633 
2.314511 0.954276 1.056760 
2.300497 1.029234 1.128680 
2.286656 1.105252 1.202342 
2.273066 1.182251 1.277681 
2.259787 1.260152 1.354620 
2.246869 1.338874 1.433074 
2.234349 1.418341 1.512950 
2.222253 1.498479 1.594151 
2.210599 1.579216 1.676581 
2.199398 1.660486 1.760141 
2.188654 1.742229 1.844735 

2.392262 -1.767221 -1.371790 
2.401906 -1.686455 -1.298423 
2.411876 -1.606146 -1.225594 
2.422157 -1.526341 -1.153342 
2.432732 -1.447091 -1.081706 
2.443575 -1.368446 -1.010728 
2.454655 -1.290460 -0.940447 
2.465933 -1.213187 -0.870904 
2.477360 -1.136680 -0.802135 
2.488878 -1.060989 -0.734177 
2.500421 -0.986162 -0.667060 
2.511911 -0.912241 -0.600810 
2.523263 -0.839262 -0.535446 
2.534379 -0.767252 -0.470982 
2.545155 -0.696224 -0.407417 
2.555480 -0.626180 -0.344745 
2.565235 -0.557107 -0.282942 
2.574303 -0.488975 -0.221976 
2.582562 -0.421733 -0.161796 
2.589898 -0.355314 -0.102336 
2.596200 -0.289631 -0.043516 
2.601372 -0.224579 0.014761 
2.605328 -0.160037 0.072608 
2.608004 -0.095869 0.130150 
2.609354 -0.031931 0.187526 
2.609354 0.031930 0.244883 
2.608004 0.095869 0.302377 
2.605328 0.160036 0.360166 
2.601372 0.224579 0.418409 
2.596200 0.289630 0.477263 
2.589898 0.355313 0.536876 
2.582562 0.421732 0.597388 
2.574303 0.488974 0.658927 
2.565235 0.557107 0.721603 
2.555480 0.626179 0.785512 
2.545155 0.696223 0.850732 
2.534379 0.767251 0.917320 
2.523263 0.839262 0.985318 
2.511912 0.912240 1.054747 
2.500421 0.986161 1.125613 
2.488878 1.060988 1.197907 
2.477360 1.136679 1.271605 
2.465933 1.213186 1.346671 
2.454656 1.290459 1.423060 
2.443575 1.368445 1.500718 
2.432732 1.447090 1.579585 
2.422157 1.526341 1.659595 
2.411876 1.606146 1.740682 
2.401907 1.686455 1.822775 
2.392262 1.767220 1.905803 

2.593773 -1.789653 -1.384315 
2.602366 -1.709583 -1.311157 
2.611181 -1.629935 -1.238481 
2.620203 -1.550747 -1.166314 
2.629408 -1.472056 -1.094685 
2.638771 -1.393898 -1.023622 
2.648258 -1.316311 -0.953152 
2.657834 -1.239330 -0.883300 
2.667454 -1.162990 -0.814088 
2.677068 -1.087323 -0.745537 
2.686621 -1.012355 -0.677663 
2.696049 -0.938111 -0.610476 
2.705284 -0.864606 -0.543982 
2.714254 -0.791849 -0.478179 
2.722880 -0.719842 -0.413060 
2.731081 -0.648576 -0.348607 
2.738774 -0.578030 -0.284794 
2.745876 -0.508174 -0.221585 
2.752304 -0.438964 -0.158934 
2.757982 -0.370345 -0.096783 
2.762836 -0.302250 -0.035066 
2.766802 -0.234601 0.026297 
2.769827 -0.167309 0.087391 
2.771868 -0.100279 0.148314 
2.772896 -0.033409 0.209168 
2.772896 0.033408 0.270064 
2.771868 0.100278 0.331114 
2.769827 0.167308 0.392435 
2.766802 0.234600 0.454142 
2.762836 0.302249 0.516349 
2.757982 0.370345 0.579163 
2.752304 0.438964 0.642688 
2.745876 0.508174 0.707018 
2.738774 0.578030 0.772237 
2.731081 0.648575 0.838418 
2.722880 0.719842 0.905624 
2.714254 0.791849 0.973904 
2.705284 0.864605 1.043294 
2.696049 0.938110 1.113819 
2.686621 1.012355 1.185492 
2.677068 1.087322 1.258314 
2.667454 1.162990 1.332277 
2.657834 1.239329 1.407362 
2.648259 1.316310 1.483544 
2.638771 1.393897 1.560789 
2.629408 1.472055 1.639058 
2.620203 1.550746 1.718309 
2.611181 1.629934 1.798494 
2.602366 1.709582 1.879564 
2.593773 1.789653 1.961467 

2.793795 -1.809663 -1.394014 
2.801418 -1.730067 -1.320886 
2.809186 -1.650855 -1.248182 
2.817081 -1.572052 -1.175921 
2.825081 -1.493685 -1.104123 
2.833160 -1.415781 -1.032805 
2.841290 -1.338364 -0.961986 
2.849436 -1.261458 -0.891679 
2.857560 -1.185085 -0.821898 
2.865622 -1.109263 -0.752652 
2.873574 -1.034008 -0.683947 
2.881368 -0.959330 -0.615786 
2.888950 -0.885236 -0.548165 
2.896265 -0.811725 -0.481076 
2.903254 -0.738792 -0.414505 
2.909857 -0.666424 -0.348433 
2.916015 -0.594599 -0.282833 
2.921670 -0.523289 -0.217670 
2.926763 -0.452458 -0.152903 
2.931242 -0.382061 -0.088484 
2.935056 -0.312046 -0.024357 
2.938163 -0.242354 0.039540 
2.940526 -0.172921 0.103276 
2.942118 -0.103677 0.166926 
2.942919 -0.034546 0.230567 
2.942919 0.034546 0.294284 
2.942118 0.103676 0.358161 
2.940526 0.172921 0.422284 
2.938163 0.242354 0.486739 
2.935056 0.312045 0.551610 
2.931242 0.382060 0.616979 
2.926763 0.452457 0.682921 
2.921670 0.523288 0.749510 
2.916015 0.594598 0.816808 
2.909857 0.666423 0.884875 
2.903254 0.738792 0.953758 
2.896265 0.811725 1.023499 
2.888950 0.885235 1.094130 
2.881368 0.959330 1.165675 
2.873574 1.034007 1.238149 
2.865622 1.109263 1.311558 
2.857561 1.185084 1.385903 
2.849436 1.261458 1.461175 
2.841290 1.338363 1.537360 
2.833160 1.415780 1.614439 
2.825081 1.493684 1.692387 
2.817081 1.572051 1.771175 
2.809186 1.650854 1.850771 
2.801418 1.730067 1.931140 
2.793796 1.809663 2.012246 

2.992802 -1.827446 -1.401197 
2.999548 -1.748159 -1.327970 
3.006383 -1.669213 -1.255111 
3.013287 -1.590628 -1.182633 
3.020242 -1.512421 -1.110549 
3.027222 -1.434611 -1.038869 
3.034203 -1.357215 -0.967605 
3.041155 -1.280247 -0.896764 
3.048046 -1.203721 -0.826351 
3.054842 -1.127647 -0.756369 
3.061507 -1.052033 -0.686820 
3.068000 -0.976881 -0.617698 
3.074281 -0.902194 -0.548998 
3.080306 -0.827965 -0.480707 
3.086033 -0.754187 -0.412810 
3.091417 -0.680844 -0.345286 
3.096415 -0.607917 -0.278109 
3.100983 -0.535382 -0.211249 
3.105082 -0.463209 -0.144671 
3.108674 -0.391361 -0.078332 
3.111724 -0.319797 -0.012188 
3.114202 -0.248474 0.053811 
3.116083 -0.177343 0.119721 
3.117348 -0.106349 0.185599 
3.117984 -0.035441 0.251507 
3.117984 0.035440 0.317508 
3.117348 0.106349 0.383667 
3.116083 0.177342 0.450050 
3.114202 0.248474 0.516722 
3.111724 0.319797 0.583746 
3.108674 0.391360 0.651184 
3.105082 0.463208 0.719095 
3.100983 0.535382 0.787535 
3.096415 0.607917 0.856552 
3.091417 0.680843 0.926193 
3.086033 0.754186 0.996497 
3.080306 0.827964 1.067498 
3.074281 0.902193 1.139224 
3.068000 0.976881 1.211695 
3.061507 1.052032 1.284927 
3.054842 1.127646 1.358930 
3.048046 1.203720 1.433708 
3.041155 1.280246 1.509257 
3.034203 1.357214 1.585573 
3.027222 1.434610 1.662642 
3.020242 1.512420 1.740451 
3.013288 1.590627 1.818980 
3.006383 1.669212 1.898208 
2.999549 1.748158 1.978110 
2.992803 1.827445 2.058659 

3.191152 -1.843220 -1.406172 
3.197118 -1.764119 -1.332756 
3.203131 -1.685318 -1.259655 
3.209173 -1.606831 -1.186880 
3.215228 -1.528671 -1.114437 
3.221272 -1.450850 -1.042332 
3.227285 -1.373379 -0.970572 
3.233242 -1.296267 -0.899159 
3.239116 -1.219521 -0.828094 
3.244879 -1.143146 -0.757376 
3.250502 -1.067146 -0.687002 
3.255954 -0.991519 -0.616964 
3.261201 -0.916264 -0.547255 
3.266213 -0.841373 -0.477860 
3.270956 -0.766836 -0.408764 
3.275396 -0.692641 -0.339946 
3.279502 -0.618769 -0.271385 
3.283242 -0.545198 -0.203052 
3.286587 -0.471906 -0.134918 
3.289509 -0.398861 -0.066947 
3.291985 -0.326034 0.000897 
3.293992 -0.253388 0.068657 
3.295514 -0.180887 0.136374 
3.296536 -0.108490 0.204096 
3.297049 -0.036156 0.271871 
3.297049 0.036156 0.339747 
3.296536 0.108489 0.407776 
3.295514 0.180886 0.476007 
3.293992 0.253387 0.544493 
3.291985 0.326033 0.613280 
3.289509 0.398861 0.682419 
3.286587 0.471905 0.751953 
3.283242 0.545198 0.821926 
3.279502 0.618768 0.892378 
3.275396 0.692640 0.963345 
3.270956 0.766836 1.034858 
3.266213 0.841372 1.106946 
3.261202 0.916263 1.179632 
3.255954 0.991519 1.252934 
3.250502 1.067145 1.326868 
3.244879 1.143145 1.401444 
3.239116 1.219520 1.476666 
3.233242 1.296266 1.552538 
3.227285 1.373378 1.629055 
3.221272 1.450850 1.706213 
3.215228 1.528671 1.784003 
3.209174 1.606831 1.862411 
3.203131 1.685318 1.941425 
3.197118 1.764118 2.021025 
3.191152 1.843220 2.101195 

3.389111 -1.857206 -1.409230 
3.394389 -1.778201 -1.335563 
3.399684 -1.699458 -1.262166 
3.404981 -1.620988 -1.189044 
3.410264 -1.542799 -1.116201 
3.415514 -1.464898 -1.043640 
3.420713 -1.387293 -0.971363 
3.425839 -1.309989 -0.899370 
3.430872 -1.232990 -0.827658 
3.435789 -1.156296 -0.756226 
3.440565 -1.079909 -0.685066 
3.445176 -1.003826 -0.614171 
3.449598 -0.928043 -0.543530 
3.453804 -0.852551 -0.473132 
3.457769 -0.777342 -0.402959 
3.461470 -0.702402 -0.332995 
3.464880 -0.627717 -0.263218 
3.467978 -0.553268 -0.193604 
3.470741 -0.479036 -0.124129 
3.473150 -0.404996 -0.054762 
3.475186 -0.331124 0.014527 
3.476835 -0.257392 0.083772 
3.478083 -0.183771 0.153007 
3.478920 -0.110230 0.222271 
3.479340 -0.036738 0.291600 
3.479340 0.036738 0.361034 
3.478920 0.110230 0.430614 
3.478083 0.183770 0.500377 
3.476835 0.257391 0.570365 
3.475186 0.331123 0.640616 
3.473150 0.404995 0.711168 
3.470741 0.479035 0.782055 
3.467978 0.553268 0.853313 
3.464880 0.627716 0.924973 
3.461470 0.702401 0.997064 
3.457769 0.777341 1.069611 
3.453804 0.852550 1.142639 
3.449598 0.928042 1.216167 
3.445176 1.003826 1.290211 
3.440565 1.079909 1.364785 
3.435789 1.156296 1.439898 
3.430872 1.232989 1.515556 
3.425839 1.309988 1.591765 
3.420713 1.387292 1.668522 
3.415514 1.464897 1.745827 
3.410264 1.542798 1.823674 
3.404981 1.620987 1.902055 
3.399684 1.699458 1.980961 
3.394389 1.778200 2.060380 
3.389111 1.857206 2.140299 

3.586874 -1.869614 -1.410637 
3.591549 -1.790639 -1.336680 
3.596220 -1.711894 -1.262953 
3.600874 -1.633384 -1.189458 
3.605497 -1.555115 -1.116196 
3.610073 -1.477093 -1.043168 
3.614586 -1.399321 -0.970373 
3.619019 -1.321801 -0.897810 
3.623354 -1.244536 -0.825474 
3.627573 -1.167524 -0.753362 
3.631656 -1.090765 -0.681466 
3.635585 -1.014254 -0.609777 
3.639339 -0.937986 -0.538286 
3.642898 -0.861955 -0.466979 
3.646244 -0.786151 -0.395844 
3.649357 -0.710562 -0.324862 
3.652219 -0.635177 -0.254017 
3.654812 -0.559979 -0.183287 
3.657120 -0.484951 -0.112650 
3.659128 -0.410076 -0.042082 
3.660823 -0.335332 0.028442 
3.662193 -0.260697 0.098951 
3.663228 -0.186150 0.169472 
3.663923 -0.111665 0.240037 
3.664272 -0.037218 0.310674 
3.664272 0.037217 0.381417 
3.663923 0.111664 0.452296 
3.663228 0.186149 0.523344 
3.662193 0.260697 0.594591 
3.660823 0.335331 0.666069 
3.659128 0.410075 0.737807 
3.657120 0.484950 0.809834 
3.654812 0.559978 0.882178 
3.652219 0.635176 0.954863 
3.649357 0.710562 1.027914 
3.646244 0.786150 1.101352 
3.642898 0.861954 1.175195 
3.639339 0.937986 1.249462 
3.635585 1.014253 1.324165 
3.631656 1.090764 1.399317 
3.627573 1.167523 1.474927 
3.623354 1.244535 1.551002 
3.619019 1.321800 1.627546 
3.614586 1.399320 1.704560 
3.610073 1.477092 1.782044 
3.605497 1.555115 1.859997 
3.600874 1.633383 1.938413 
3.596220 1.711893 2.017285 
3.591549 1.790638 2.096607 
3.586874 1.869613 2.176369 

3.784582 -1.880633 -1.410630 
3.788730 -1.801644 -1.336362 
3.792860 -1.722855 -1.262288 
3.796960 -1.644269 -1.188409 
3.801018 -1.565890 -1.114724 
3.805021 -1.487721 -1.041232 
3.808955 -1.409764 -0.967932 
3.812806 -1.332020 -0.894819 
3.816560 -1.254489 -0.821891 
3.820201 -1.177169 -0.749140 
3.823714 -1.100058 -0.676560 
3.827084 -1.023153 -0.604143 
3.830295 -0.946446 -0.531877 
3.833331 -0.869933 -0.459753 
3.836177 -0.793603 -0.387756 
3.838819 -0.717448 -0.315873 
3.841242 -0.641457 -0.244086 
3.843433 -0.565616 -0.172379 
3.845380 -0.489911 -0.100733 
3.847071 -0.414328 -0.029126 
3.848496 -0.338849 0.042462 
3.849646 -0.263457 0.114054 
3.850516 -0.188134 0.185673 
3.851098 -0.112861 0.257345 
3.851390 -0.037617 0.329094 
3.851390 0.037616 0.400946 
3.851098 0.112860 0.472926 
3.850516 0.188133 0.545060 
3.849646 0.263456 0.617372 
3.848496 0.338848 0.689889 
3.847071 0.414327 0.762634 
3.845380 0.489910 0.835629 
3.843433 0.565615 0.908898 
3.841242 0.641456 0.982462 
3.838819 0.717448 1.056338 
3.836177 0.793602 1.130546 
3.833331 0.869932 1.205100 
3.830295 0.946445 1.280016 
3.827084 1.023152 1.355305 
3.823714 1.100058 1.430979 
3.820201 1.177168 1.507044 
3.816560 1.254488 1.583508 
3.812806 1.332019 1.660376 
3.808955 1.409763 1.737650 
3.805021 1.487720 1.815330 
3.801018 1.565889 1.893417 
3.796960 1.644268 1.971907 
3.792860 1.722854 2.050797 
3.788730 1.801644 2.130082 
3.784582 1.880633 2.209754 

3.982335 -1.890438 -1.409419 
3.986024 -1.811403 -1.334830 
3.989685 -1.732541 -1.260404 
3.993307 -1.653855 -1.186141 
3.996881 -1.575347 -1.112039 
4.000396 -1.497019 -1.038096 
4.003840 -1.418872 -0.964310 
4.007202 -1.340904 -0.890676 
4.010468 -1.263115 -0.817190 
4.013629 -1.185504 -0.743845 
4.016669 -1.108067 -0.670635 
4.019578 -1.030799 -0.597551 
4.022343 -0.953696 -0.524583 
4.024951 -0.876752 -0.451722 
4.027391 -0.799959 -0.378956 
4.029651 -0.723308 -0.306271 
4.031720 -0.646790 -0.233654 
4.033587 -0.570395 -0.161089 
4.035243 -0.494109 -0.088560 
4.036680 -0.417922 -0.016050 
4.037889 -0.341818 0.056459 
4.038865 -0.265785 0.128986 
4.039602 -0.189807 0.201550 
4.040095 -0.113868 0.274173 
4.040342 -0.037954 0.346874 
4.040342 0.037953 0.419674 
4.040095 0.113867 0.492594 
4.039602 0.189806 0.565655 
4.038865 0.265784 0.638877 
4.037889 0.341818 0.712281 
4.036680 0.417921 0.785886 
4.035243 0.494109 0.859712 
4.033587 0.570394 0.933776 
4.031720 0.646790 1.008095 
4.029651 0.723308 1.082686 
4.027391 0.799958 1.157563 
4.024951 0.876752 1.232740 
4.022343 0.953696 1.308228 
4.019578 1.030798 1.384039 
4.016669 1.108066 1.460181 
4.013629 1.185503 1.536661 
4.010469 1.263115 1.613487 
4.007202 1.340903 1.690662 
4.003840 1.418871 1.768190 
4.000396 1.497018 1.846072 
3.996881 1.575347 1.924308 
3.993307 1.653854 2.002898 
3.989685 1.732540 2.081839 
3.986024 1.811402 2.161128 
3.982335 1.890437 2.240759 

4.180203 -1.899179 -1.407187 
4.183491 -1.820077 -1.332275 
4.186745 -1.741125 -1.257500 
4.189955 -1.662326 -1.182861 
4.193114 -1.583680 -1.108355 
4.196212 -1.505188 -1.033980 
4.199240 -1.426850 -0.959732 
4.202188 -1.348665 -0.885607 
4.205045 -1.270631 -0.811600 
4.207802 -1.192747 -0.737705 
4.210448 -1.115008 -0.663916 
4.212975 -1.037412 -0.590224 
4.215370 -0.959952 -0.516620 
4.217626 -0.882624 -0.443096 
4.219732 -0.805420 -0.369641 
4.221679 -0.728334 -0.296243 
4.223458 -0.651357 -0.222890 
4.225062 -0.574480 -0.149569 
4.226483 -0.497693 -0.076266 
4.227714 -0.420986 -0.002966 
4.228749 -0.344348 0.070345 
4.229584 -0.267766 0.143685 
4.230213 -0.191230 0.217068 
4.230634 -0.114725 0.290512 
4.230845 -0.038240 0.364034 
4.230845 0.038239 0.437651 
4.230634 0.114724 0.511380 
4.230213 0.191229 0.585239 
4.229584 0.267766 0.659244 
4.228749 0.344347 0.733412 
4.227714 0.420986 0.807759 
4.226483 0.497693 0.882301 
4.225062 0.574480 0.957053 
4.223458 0.651357 1.032028 
4.221679 0.728334 1.107241 
4.219732 0.805420 1.182703 
4.217626 0.882623 1.258427 
4.215371 0.959951 1.334421 
4.212975 1.037411 1.410696 
4.210448 1.115007 1.487259 
4.207802 1.192746 1.564117 
4.205045 1.270630 1.641275 
4.202188 1.348664 1.718739 
4.199240 1.426849 1.796511 
4.196212 1.505187 1.874593 
4.193114 1.583679 1.952986 
4.189955 1.662325 2.031690 
4.186745 1.741124 2.110704 
4.183491 1.820076 2.190025 
4.180203 1.899178 2.269651 

4.378233 -1.906990 -1.404093 
4.381171 -1.827807 -1.328863 
4.384070 -1.748755 -1.253747 
4.386925 -1.669835 -1.178743 
4.389727 -1.591047 -1.103850 
4.392468 -1.512392 -1.029064 
4.395141 -1.433869 -0.954381 
4.397737 -1.355476 -0.879797 
4.400247 -1.277212 -0.805307 
4.402665 -1.199074 -0.730905 
4.404981 -1.121060 -0.656584 
4.407187 -1.043164 -0.582338 
4.409275 -0.965383 -0.508159 
4.411238 -0.887712 -0.434037 
4.413067 -0.810145 -0.359964 
4.414756 -0.732675 -0.285930 
4.416297 -0.655296 -0.211923 
4.417685 -0.577999 -0.137933 
4.418912 -0.500777 -0.063947 
4.419974 -0.423621 0.010046 
4.420867 -0.346520 0.084060 
4.421587 -0.269467 0.158109 
4.422129 -0.192450 0.232206 
4.422492 -0.115459 0.306365 
4.422673 -0.038485 0.380600 
4.422673 0.038484 0.454926 
4.422492 0.115459 0.529357 
4.422129 0.192449 0.603907 
4.421587 0.269466 0.678590 
4.420867 0.346520 0.753421 
4.419974 0.423620 0.828412 
4.418912 0.500776 0.903576 
4.417685 0.577999 0.978926 
4.416297 0.655295 1.054475 
4.414756 0.732675 1.130232 
4.413067 0.810144 1.206209 
4.411238 0.887712 1.282414 
4.409275 0.965383 1.358858 
4.407187 1.043163 1.435547 
4.404981 1.121059 1.512489 
4.402665 1.199074 1.589689 
4.400247 1.277211 1.667153 
4.397737 1.355475 1.744885 
4.395141 1.433868 1.822889 
4.392468 1.512391 1.901165 
4.389727 1.591046 1.979716 
4.386925 1.669834 2.058542 
4.384070 1.748754 2.137642 
4.381171 1.827806 2.217016 
4.378233 1.906989 2.296661 

4.576454 -1.913987 -1.400272 
4.579086 -1.834715 -1.324732 
4.581678 -1.755557 -1.249288 
4.584225 -1.676513 -1.173936 
4.586718 -1.597585 -1.098675 
4.589152 -1.518771 -1.023501 
4.591521 -1.440070 -0.948410 
4.593817 -1.361481 -0.873398 
4.596033 -1.283002 -0.798460 
4.598163 -1.204630 -0.723591 
4.600199 -1.126363 -0.648785 
4.602136 -1.048196 -0.574034 
4.603967 -0.970126 -0.499332 
4.605684 -0.892149 -0.424672 
4.607283 -0.814258 -0.350044 
4.608756 -0.736450 -0.275440 
4.610100 -0.658716 -0.200851 
4.611308 -0.581052 -0.126267 
4.612375 -0.503449 -0.051677 
4.613298 -0.425901 0.022929 
4.614074 -0.348399 0.097562 
4.614698 -0.270937 0.172234 
4.615168 -0.193505 0.246957 
4.615483 -0.116094 0.321742 
4.615640 -0.038697 0.396600 
4.615640 0.038696 0.471545 
4.615483 0.116093 0.546588 
4.615168 0.193504 0.621741 
4.614698 0.270936 0.697016 
4.614074 0.348399 0.772425 
4.613298 0.425900 0.847978 
4.612375 0.503448 0.923687 
4.611308 0.581051 0.999561 
4.610100 0.658715 1.075612 
4.608756 0.736449 1.151848 
4.607283 0.814258 1.228279 
4.605684 0.892148 1.304912 
4.603967 0.970126 1.381755 
4.602136 1.048195 1.458815 
4.600199 1.126362 1.536098 
4.598163 1.204629 1.613609 
4.596033 1.283001 1.691354 
4.593817 1.361480 1.769335 
4.591521 1.440069 1.847555 
4.589152 1.518770 1.926018 
4.586718 1.597584 2.004724 
4.584225 1.676513 2.083674 
4.581678 1.755556 2.162869 
4.579086 1.834714 2.242308 
4.576454 1.913986 2.321989 

4.774886 -1.920271 -1.395843 
4.777250 -1.840905 -1.320004 
4.779574 -1.761639 -1.244245 
4.781852 -1.682473 -1.168562 
4.784079 -1.603407 -1.092953 
4.786248 -1.524440 -1.017415 
4.788355 -1.445571 -0.941943 
4.790394 -1.366798 -0.866534 
4.792358 -1.288119 -0.791182 
4.794243 -1.209532 -0.715884 
4.796043 -1.131033 -0.640632 
4.797751 -1.052621 -0.565422 
4.799364 -0.974291 -0.490247 
4.800875 -0.896039 -0.415099 
4.802279 -0.817860 -0.339972 
4.803573 -0.739750 -0.264858 
4.804750 -0.661704 -0.189748 
4.805809 -0.583715 -0.114634 
4.806743 -0.505779 -0.039507 
4.807550 -0.427888 0.035642 
4.808228 -0.350036 0.110823 
4.808773 -0.272216 0.186046 
4.809183 -0.194422 0.261320 
4.809458 -0.116646 0.336655 
4.809595 -0.038881 0.412062 
4.809595 0.038880 0.487550 
4.809458 0.116645 0.563131 
4.809183 0.194421 0.638813 
4.808773 0.272216 0.714608 
4.808228 0.350035 0.790523 
4.807550 0.427887 0.866570 
4.806743 0.505778 0.942758 
4.805809 0.583715 1.019094 
4.804750 0.661703 1.095588 
4.803573 0.739750 1.172248 
4.802279 0.817859 1.249081 
4.800875 0.896038 1.326094 
4.799364 0.974290 1.403294 
4.797751 1.052620 1.480687 
4.796043 1.131033 1.558278 
4.794243 1.209531 1.636071 
4.792358 1.288118 1.714072 
4.790394 1.366797 1.792282 
4.788355 1.445570 1.870706 
4.786248 1.524439 1.949346 
4.784079 1.603406 2.028202 
4.781852 1.682472 2.107277 
4.779574 1.761638 2.186570 
4.777250 1.840904 2.266081 
4.774886 1.920270 2.345811 

4.973537 -1.925928 -1.390905 
4.975667 -1.846467 -1.314781 
4.977756 -1.767094 -1.238722 
4.979800 -1.687808 -1.162726 
4.981795 -1.608610 -1.086790 
4.983735 -1.529497 -1.010910 
4.985617 -1.450469 -0.935084 
4.987434 -1.371524 -0.859306 
4.989182 -1.292660 -0.783573 
4.990858 -1.213875 -0.707879 
4.992455 -1.135166 -0.632221 
4.993969 -1.056531 -0.556592 
4.995397 -0.977966 -0.480986 
4.996732 -0.899467 -0.405398 
4.997972 -0.821031 -0.329820 
4.999114 -0.742653 -0.254246 
5.000152 -0.664329 -0.178669 
5.001083 -0.586054 -0.103081 
5.001905 -0.507822 -0.027475 
5.002615 -0.429629 0.048158 
5.003211 -0.351469 0.123826 
5.003689 -0.273337 0.199537 
5.004050 -0.195225 0.275299 
5.004291 -0.117129 0.351121 
5.004412 -0.039042 0.427013 
5.004412 0.039042 0.502981 
5.004291 0.117128 0.579036 
5.004050 0.195224 0.655185 
5.003689 0.273336 0.731438 
5.003211 0.351469 0.807801 
5.002615 0.429629 0.884284 
5.001905 0.507822 0.960895 
5.001083 0.586053 1.037640 
5.000152 0.664328 1.114527 
4.999114 0.742652 1.191563 
4.997972 0.821030 1.268754 
4.996732 0.899466 1.346107 
4.995397 0.977965 1.423627 
4.993969 1.056530 1.501319 
4.992455 1.135166 1.579188 
4.990858 1.213874 1.657238 
4.989182 1.292659 1.735473 
4.987434 1.371523 1.813895 
4.985617 1.450468 1.892509 
4.983735 1.529496 1.971315 
4.981795 1.608609 2.050315 
4.979800 1.687808 2.129511 
4.977756 1.767093 2.208904 
4.975667 1.846466 2.288492 
4.973537 1.925927 2.368277 

5.172411 -1.931034 -1.385545 
5.174335 -1.851479 -1.309149 
5.176218 -1.772001 -1.232807 
5.178058 -1.692599 -1.156515 
5.179851 -1.613274 -1.080272 
5.181592 -1.534023 -1.004074 
5.183277 -1.454846 -0.927917 
5.184903 -1.375741 -0.851797 
5.186466 -1.296707 -0.775712 
5.187961 -1.217740 -0.699656 
5.189384 -1.138839 -0.623624 
5.190732 -1.060002 -0.547613 
5.192001 -0.981224 -0.471616 
5.193187 -0.902504 -0.395627 
5.194288 -0.823836 -0.319642 
5.195300 -0.745219 -0.243654 
5.196219 -0.666647 -0.167656 
5.197043 -0.588117 -0.091643 
5.197771 -0.509624 -0.015607 
5.198398 -0.431164 0.060458 
5.198924 -0.352732 0.136560 
5.199347 -0.274323 0.212706 
5.199665 -0.195932 0.288902 
5.199878 -0.117554 0.365158 
5.199985 -0.039184 0.441479 
5.199985 0.039183 0.517874 
5.199878 0.117554 0.594349 
5.199665 0.195932 0.670913 
5.199347 0.274323 0.747571 
5.198924 0.352732 0.824332 
5.198398 0.431164 0.901202 
5.197771 0.509624 0.978188 
5.197043 0.588116 1.055297 
5.196219 0.666646 1.132534 
5.195300 0.745218 1.209905 
5.194288 0.823836 1.287417 
5.193187 0.902503 1.365074 
5.192001 0.981223 1.442881 
5.190732 1.060001 1.520843 
5.189384 1.138839 1.598964 
5.187961 1.217739 1.677247 
5.186466 1.296706 1.755697 
5.184903 1.375741 1.834315 
5.183277 1.454846 1.913104 
5.181592 1.534022 1.992067 
5.179851 1.613273 2.071204 
5.178058 1.692598 2.150518 
5.176218 1.772000 2.230008 
5.174335 1.851478 2.309676 
5.172411 1.931034 2.389521 

