-8.109589 -2.958904 -1.950250 
-7.786510 -2.955806 -1.968070 
-7.463599 -2.952364 -1.986187 
-7.140856 -2.948530 -2.004583 
-6.818281 -2.944246 -2.023234 
-6.495869 -2.939447 -2.042105 
-6.173607 -2.934054 -2.061153 
-5.851474 -2.927977 -2.080320 
-5.529435 -2.921111 -2.099532 
-5.207437 -2.913335 -2.118696 
-4.885399 -2.904511 -2.137695 
-4.563208 -2.894485 -2.156385 
-4.240702 -2.883085 -2.174592 
-3.917657 -2.870134 -2.192111 
-3.593765 -2.855457 -2.208701 
-3.268616 -2.838906 -2.224095 
-2.941676 -2.820397 -2.238008 
-2.612274 -2.799967 -2.250156 
-2.279613 -2.777857 -2.260294 
-1.942821 -2.754608 -2.268254 
-1.601066 -2.731161 -2.274005 
-1.253750 -2.708911 -2.277698 
-0.900778 -2.689646 -2.279683 
-0.542806 -2.675321 -2.280473 
-0.181354 -2.667651 -2.280631 
0.181351 -2.667651 -2.280617 
0.542803 -2.675321 -2.280631 
0.900775 -2.689646 -2.280544 
1.253747 -2.708911 -2.279945 
1.601062 -2.731161 -2.278278 
1.942818 -2.754608 -2.275006 
2.279610 -2.777857 -2.269738 
2.612270 -2.799967 -2.262278 
2.941673 -2.820396 -2.252620 
3.268613 -2.838906 -2.240905 
3.593762 -2.855457 -2.227365 
3.917654 -2.870134 -2.212279 
4.240699 -2.883085 -2.195934 
4.563204 -2.894485 -2.178602 
4.885396 -2.904511 -2.160531 
5.207433 -2.913335 -2.141933 
5.529432 -2.921111 -2.122990 
5.851471 -2.927976 -2.103852 
6.173604 -2.934053 -2.084642 
6.495866 -2.939447 -2.065458 
6.818278 -2.944246 -2.046377 
7.140852 -2.948530 -2.027462 
7.463595 -2.952364 -2.008759 
7.786507 -2.955806 -1.990303 
8.109586 -2.958904 -1.972122 
-8.110681 -2.837740 -1.832013 
-7.787722 -2.834707 -1.850105 
-7.464947 -2.831331 -1.868517 
-7.142362 -2.827564 -1.887234 
-6.819968 -2.823348 -1.906233 
-6.497764 -2.818613 -1.925484 
-6.175742 -2.813280 -1.944943 
-5.853887 -2.807253 -1.964555 
-5.532168 -2.800422 -1.984247 
-5.210541 -2.792658 -2.003926 
-4.888932 -2.783813 -2.023474 
-4.567235 -2.773714 -2.042743 
-4.245292 -2.762172 -2.061555 
-3.922884 -2.748981 -2.079691 
-3.599699 -2.733928 -2.096897 
-3.275312 -2.716821 -2.112880 
-2.949157 -2.697521 -2.127326 
-2.620505 -2.676011 -2.139913 
-2.288460 -2.652480 -2.150353 
-1.952010 -2.627452 -2.158443 
-1.610143 -2.601908 -2.164129 
-1.262075 -2.577382 -2.167568 
-0.907572 -2.555918 -2.169164 
-0.547284 -2.539818 -2.169526 
-0.182921 -2.531148 -2.169341 
0.182918 -2.531148 -2.169179 
0.547281 -2.539818 -2.169288 
0.907568 -2.555918 -2.169508 
1.262072 -2.577382 -2.169328 
1.610140 -2.601908 -2.168069 
1.952007 -2.627451 -2.165088 
2.288457 -2.652480 -2.159930 
2.620502 -2.676011 -2.152383 
2.949154 -2.697521 -2.142458 
3.275309 -2.716820 -2.130331 
3.599696 -2.733928 -2.116276 
3.922881 -2.748980 -2.100611 
4.245289 -2.762172 -2.083654 
4.567231 -2.773714 -2.065703 
4.888928 -2.783813 -2.047023 
5.210537 -2.792658 -2.027840 
5.532165 -2.800422 -2.008340 
5.853883 -2.807253 -1.988680 
6.175739 -2.813279 -1.968982 
6.497760 -2.818613 -1.949345 
6.819964 -2.823348 -1.929846 
7.142358 -2.827564 -1.910544 
7.464944 -2.831331 -1.891485 
7.787719 -2.834706 -1.872703 
8.110677 -2.837740 -1.854220 
-8.111747 -2.716618 -1.713729 
-7.788908 -2.713655 -1.732094 
-7.466269 -2.710353 -1.750804 
-7.143841 -2.706662 -1.769845 
-6.821627 -2.702523 -1.789198 
-6.499632 -2.697864 -1.808833 
-6.177853 -2.692603 -1.828711 
-5.856279 -2.686642 -1.848778 
-5.534888 -2.679864 -1.868963 
-5.213642 -2.672134 -1.889173 
-4.892477 -2.663290 -1.909291 
-4.571294 -2.653146 -1.929166 
-4.249947 -2.641491 -1.948613 
-3.928219 -2.628088 -1.967403 
-3.605800 -2.612688 -1.985264 
-3.282255 -2.595045 -2.001881 
-2.956988 -2.574960 -2.016905 
-2.629211 -2.552344 -2.029972 
-2.297926 -2.527321 -2.040746 
-1.961964 -2.500376 -2.048974 
-1.620100 -2.472519 -2.054572 
-1.271317 -2.445426 -2.057700 
-0.915193 -2.421433 -2.058819 
-0.552347 -2.403259 -2.058654 
-0.184701 -2.393409 -2.058045 
0.184697 -2.393409 -2.057697 
0.552344 -2.403259 -2.057925 
0.915190 -2.421432 -2.058526 
1.271314 -2.445426 -2.058864 
1.620097 -2.472518 -2.058105 
1.961961 -2.500375 -2.055480 
2.297923 -2.527321 -2.050462 
2.629208 -2.552343 -2.042825 
2.956985 -2.574960 -2.032607 
3.282252 -2.595045 -2.020029 
3.605797 -2.612688 -2.005414 
3.928216 -2.628088 -1.989123 
4.249944 -2.641491 -1.971513 
4.571291 -2.653146 -1.952907 
4.892474 -2.663290 -1.933587 
5.213639 -2.672133 -1.913790 
5.534885 -2.679864 -1.893713 
5.856276 -2.686641 -1.873512 
6.177850 -2.692603 -1.853312 
6.499629 -2.697864 -1.833212 
6.821624 -2.702523 -1.813286 
7.143837 -2.706662 -1.793592 
7.466266 -2.710353 -1.774173 
7.788904 -2.713655 -1.755060 
8.111743 -2.716618 -1.736274 
-8.112786 -2.595537 -1.595395 
-7.790065 -2.592651 -1.614035 
-7.467562 -2.589430 -1.633044 
-7.145289 -2.585823 -1.652412 
-6.823256 -2.581770 -1.672122 
-6.501471 -2.577199 -1.692148 
-6.179935 -2.572024 -1.712452 
-5.858645 -2.566145 -1.732984 
-5.537588 -2.559440 -1.753675 
-5.216732 -2.551765 -1.774434 
-4.896024 -2.542949 -1.795142 
-4.575377 -2.532791 -1.815649 
-4.254654 -2.521056 -1.835762 
-3.933649 -2.507478 -1.855244 
-3.612057 -2.491764 -1.873805 
-3.289437 -2.473614 -1.891106 
-2.965169 -2.452758 -1.906760 
-2.638408 -2.429019 -1.920355 
-2.308050 -2.402439 -1.931498 
-1.972750 -2.373437 -1.939878 
-1.631039 -2.343031 -1.945366 
-1.281606 -2.313040 -1.948119 
-0.923778 -2.286126 -1.948657 
-0.558102 -2.265516 -1.947842 
-0.186733 -2.254264 -1.946705 
0.186730 -2.254264 -1.946127 
0.558099 -2.265516 -1.946503 
0.923775 -2.286126 -1.947578 
1.281602 -2.313039 -1.948555 
1.631035 -2.343031 -1.948407 
1.972747 -2.373436 -1.946212 
2.308047 -2.402439 -1.941365 
2.638405 -2.429019 -1.933633 
2.965166 -2.452757 -1.923089 
3.289434 -2.473614 -1.910013 
3.612054 -2.491764 -1.894786 
3.933646 -2.507478 -1.877821 
4.254651 -2.521055 -1.859512 
4.575373 -2.532791 -1.840210 
4.896020 -2.542949 -1.820216 
5.216728 -2.551765 -1.799780 
5.537584 -2.559440 -1.779102 
5.858642 -2.566145 -1.758344 
6.179932 -2.572024 -1.737629 
6.501467 -2.577199 -1.717055 
6.823253 -2.581770 -1.696694 
7.145286 -2.585823 -1.676602 
7.467558 -2.589430 -1.656818 
7.790061 -2.592651 -1.637371 
8.112782 -2.595537 -1.618280 
-8.113796 -2.474498 -1.477008 
-7.791191 -2.471694 -1.495923 
-7.468822 -2.468561 -1.515233 
-7.146704 -2.465046 -1.534931 
-6.824851 -2.461090 -1.555002 
-6.503273 -2.456618 -1.575423 
-6.181982 -2.451545 -1.596161 
-5.860979 -2.445765 -1.617168 
-5.540258 -2.439152 -1.638377 
-5.219800 -2.431557 -1.659701 
-4.899561 -2.422797 -1.681021 
-4.579469 -2.412656 -1.702186 
-4.259399 -2.400879 -1.722999 
-3.939160 -2.387167 -1.743213 
-3.618456 -2.371183 -1.762524 
-3.296848 -2.352566 -1.780562 
-2.973698 -2.330963 -1.796904 
-2.648107 -2.306100 -1.811084 
-2.318866 -2.277905 -1.822641 
-1.984439 -2.246706 -1.831193 
-1.643071 -2.213498 -1.836551 
-1.293091 -2.180229 -1.838854 
-0.933490 -2.149932 -1.838687 
-0.564678 -2.126441 -1.837074 
-0.189068 -2.113508 -1.835281 
0.189065 -2.113508 -1.834414 
0.564675 -2.126441 -1.834975 
0.933487 -2.149932 -1.836641 
1.293088 -2.180229 -1.838407 
1.643068 -2.213498 -1.839002 
1.984436 -2.246706 -1.837322 
2.318863 -2.277905 -1.832678 
2.648104 -2.306100 -1.824838 
2.973695 -2.330963 -1.813929 
3.296845 -2.352566 -1.800300 
3.618453 -2.371183 -1.784404 
3.939157 -2.387167 -1.766708 
4.259396 -2.400879 -1.747649 
4.579465 -2.412656 -1.727609 
4.899558 -2.422797 -1.706907 
5.219797 -2.431557 -1.685803 
5.540255 -2.439152 -1.664503 
5.860976 -2.445764 -1.643169 
6.181979 -2.451545 -1.621925 
6.503270 -2.456618 -1.600867 
6.824847 -2.461090 -1.580064 
7.146700 -2.465046 -1.559568 
7.468819 -2.468561 -1.539415 
7.791188 -2.471694 -1.519632 
8.113792 -2.474498 -1.500234 
-8.114776 -2.353498 -1.358566 
-7.792284 -2.350784 -1.377756 
-7.470047 -2.347745 -1.397368 
-7.148081 -2.344332 -1.417397 
-6.826406 -2.340482 -1.437833 
-6.505036 -2.336122 -1.458654 
-6.183989 -2.331164 -1.479832 
-5.863273 -2.325500 -1.501323 
-5.542892 -2.319002 -1.523063 
-5.222836 -2.311512 -1.544967 
-4.903078 -2.302839 -1.566921 
-4.583557 -2.292752 -1.588771 
-4.264167 -2.280974 -1.610319 
-3.944735 -2.267175 -1.631309 
-3.624980 -2.250972 -1.651420 
-3.304472 -2.231938 -1.670257 
-2.982565 -2.209629 -1.687353 
-2.658316 -2.183654 -1.702183 
-2.330408 -2.153803 -1.714210 
-1.997105 -2.120271 -1.722962 
-1.656323 -2.083988 -1.728170 
-1.305949 -2.047013 -1.729943 
-0.944525 -2.012780 -1.728925 
-0.572237 -1.985863 -1.726329 
-0.191770 -1.970901 -1.723718 
0.191766 -1.970901 -1.722487 
0.572234 -1.985863 -1.723282 
0.944521 -2.012780 -1.725686 
1.305946 -2.047012 -1.728425 
1.656320 -2.083988 -1.729922 
1.997102 -2.120270 -1.728855 
2.330405 -2.153803 -1.724446 
2.658313 -2.183654 -1.716478 
2.982562 -2.209629 -1.705152 
3.304469 -2.231938 -1.690906 
3.624977 -2.250972 -1.674273 
3.944732 -2.267175 -1.655785 
4.264164 -2.280974 -1.635924 
4.583553 -2.292752 -1.615101 
4.903075 -2.302838 -1.593654 
5.222833 -2.311512 -1.571853 
5.542889 -2.319002 -1.549908 
5.863270 -2.325500 -1.527981 
6.183986 -2.331164 -1.506195 
6.505033 -2.336122 -1.484643 
6.826402 -2.340482 -1.463390 
7.148078 -2.344332 -1.442485 
7.470044 -2.347745 -1.421961 
7.792281 -2.350784 -1.401839 
8.114772 -2.353498 -1.382132 
-8.115722 -2.232538 -1.240064 
-7.793342 -2.229919 -1.259530 
-7.471233 -2.226982 -1.279444 
-7.149418 -2.223678 -1.299807 
-6.827918 -2.219946 -1.320609 
-6.506754 -2.215710 -1.341835 
-6.185949 -2.210882 -1.363459 
-5.865520 -2.205353 -1.385442 
-5.545480 -2.198991 -1.407725 
-5.225832 -2.191632 -1.430227 
-4.906560 -2.183078 -1.452835 
-4.587625 -2.173084 -1.475399 
-4.268940 -2.161352 -1.497717 
-3.950352 -2.147521 -1.519528 
-3.631607 -2.131159 -1.540494 
-3.312289 -2.111771 -1.560195 
-2.991756 -2.088813 -1.578119 
-2.669033 -2.061759 -1.593677 
-2.342704 -2.030229 -1.606241 
-2.010821 -1.994238 -1.615233 
-1.670932 -1.954595 -1.620280 
-1.320383 -1.913427 -1.621433 
-0.957123 -1.874602 -1.619389 
-0.580982 -1.843581 -1.615585 
-0.194918 -1.826146 -1.611950 
0.194915 -1.826146 -1.610261 
0.580978 -1.843580 -1.611350 
0.957119 -1.874602 -1.614681 
1.320380 -1.913427 -1.618622 
1.670928 -1.954595 -1.621212 
2.010818 -1.994237 -1.620866 
2.342700 -2.030228 -1.616720 
2.669029 -2.061759 -1.608594 
2.991753 -2.088813 -1.596788 
3.312286 -2.111771 -1.581848 
3.631604 -2.131159 -1.564403 
3.950350 -2.147521 -1.545054 
4.268937 -2.161352 -1.524333 
4.587622 -2.173084 -1.502680 
4.906557 -2.183078 -1.480451 
5.225828 -2.191632 -1.457923 
5.545476 -2.198991 -1.435309 
5.865516 -2.205353 -1.412773 
6.185946 -2.210882 -1.390432 
6.506751 -2.215710 -1.368376 
6.827914 -2.219945 -1.346667 
7.149415 -2.223678 -1.325349 
7.471231 -2.226982 -1.304449 
7.793338 -2.229919 -1.283987 
8.115718 -2.232538 -1.263971 
-8.116632 -2.111617 -1.121499 
-7.794361 -2.109098 -1.141240 
-7.472379 -2.106271 -1.161458 
-7.150711 -2.103085 -1.182154 
-6.829382 -2.099480 -1.203325 
-6.508421 -2.095381 -1.224959 
-6.187856 -2.090699 -1.247036 
-5.867712 -2.085323 -1.269519 
-5.548012 -2.079119 -1.292356 
-5.228773 -2.071920 -1.315471 
-4.909995 -2.063519 -1.338755 
-4.591657 -2.053660 -1.362060 
-4.273697 -2.042025 -1.385186 
-3.955991 -2.028221 -1.407864 
-3.638311 -2.011771 -1.429746 
-3.320273 -1.992106 -1.450382 
-3.001249 -1.968575 -1.469218 
-2.680249 -1.940498 -1.485593 
-2.355773 -1.907292 -1.498778 
-2.025660 -1.868736 -1.508066 
-1.687046 -1.825441 -1.512947 
-1.336630 -1.779536 -1.513382 
-0.971576 -1.735333 -1.510108 
-0.591168 -1.699362 -1.504815 
-0.198618 -1.678884 -1.499894 
0.198614 -1.678884 -1.497625 
0.591165 -1.699361 -1.499088 
0.971572 -1.735333 -1.503585 
1.336627 -1.779536 -1.509015 
1.687043 -1.825441 -1.512924 
2.025657 -1.868735 -1.513421 
2.355770 -1.907291 -1.509559 
2.680246 -1.940498 -1.501230 
3.001246 -1.968575 -1.488864 
3.320270 -1.992106 -1.473142 
3.638308 -2.011771 -1.454799 
3.955987 -2.028221 -1.434516 
4.273694 -2.042025 -1.412872 
4.591654 -2.053660 -1.390339 
4.909992 -2.063519 -1.367288 
5.228769 -2.071920 -1.344003 
5.548009 -2.079119 -1.320700 
5.867708 -2.085323 -1.297536 
6.187852 -2.090699 -1.274629 
6.508418 -2.095381 -1.252061 
6.829379 -2.099480 -1.229889 
7.150707 -2.103085 -1.208153 
7.472376 -2.106271 -1.186876 
7.794358 -2.109098 -1.166073 
8.116629 -2.111617 -1.145747 
-8.117505 -1.990733 -1.002868 
-7.795340 -1.988320 -1.022883 
-7.473481 -1.985610 -1.043403 
-7.151955 -1.982551 -1.064434 
-6.830795 -1.979083 -1.085976 
-6.510033 -1.975134 -1.108021 
-6.189703 -1.970612 -1.130554 
-5.869841 -1.965409 -1.153546 
-5.550479 -1.959387 -1.176948 
-5.231648 -1.952377 -1.200690 
-4.913367 -1.944165 -1.224671 
-4.595635 -1.934485 -1.248746 
-4.278418 -1.923001 -1.272716 
-3.961623 -1.909292 -1.296311 
-3.645062 -1.892835 -1.319170 
-3.328391 -1.872984 -1.340821 
-3.011014 -1.848977 -1.360662 
-2.691946 -1.819963 -1.377957 
-2.369625 -1.785118 -1.391865 
-2.041688 -1.743920 -1.401524 
-1.704825 -1.696685 -1.406250 
-1.354964 -1.645438 -1.405866 
-0.988243 -1.594920 -1.401122 
-0.603125 -1.552933 -1.393991 
-0.203004 -1.528670 -1.387450 
0.203000 -1.528670 -1.384437 
0.603122 -1.552932 -1.386380 
0.988239 -1.594919 -1.392353 
1.354960 -1.645437 -1.399631 
1.704821 -1.696685 -1.405129 
2.041685 -1.743919 -1.406600 
2.369622 -1.785117 -1.403034 
2.691943 -1.819962 -1.394438 
3.011011 -1.848977 -1.381413 
3.328388 -1.872984 -1.364804 
3.645059 -1.892835 -1.345467 
3.961620 -1.909292 -1.324167 
4.278414 -1.923001 -1.301534 
4.595632 -1.934485 -1.278069 
4.913364 -1.944165 -1.254157 
5.231646 -1.952377 -1.230086 
5.550476 -1.959387 -1.206070 
5.869837 -1.965409 -1.182263 
6.189700 -1.970612 -1.158778 
6.510030 -1.975134 -1.135689 
6.830792 -1.979083 -1.113050 
7.151952 -1.982551 -1.090893 
7.473477 -1.985610 -1.069237 
7.795337 -1.988320 -1.048091 
8.117502 -1.990733 -1.027456 
-8.118340 -1.869884 -0.884167 
-7.796276 -1.867585 -0.904455 
-7.474535 -1.864997 -0.925277 
-7.153149 -1.862074 -0.946643 
-6.832152 -1.858754 -0.968556 
-6.511584 -1.854966 -0.991015 
-6.191484 -1.850622 -1.014009 
-5.871899 -1.845610 -1.037514 
-5.552872 -1.839794 -1.061491 
-5.234447 -1.833002 -1.085876 
-4.916662 -1.825016 -1.110573 
-4.599540 -1.815562 -1.135446 
-4.283077 -1.804289 -1.160298 
-3.967220 -1.790749 -1.184860 
-3.651826 -1.774373 -1.208763 
-3.336603 -1.754446 -1.231512 
-3.021008 -1.730084 -1.252462 
-2.704090 -1.700251 -1.270798 
-2.384254 -1.663847 -1.285551 
-2.058959 -1.619975 -1.295682 
-1.724432 -1.568530 -1.300284 
-1.375697 -1.511282 -1.298981 
-1.007566 -1.453331 -1.292487 
-0.617277 -1.403976 -1.283086 
-0.208257 -1.374948 -1.274487 
0.208254 -1.374948 -1.270518 
0.617274 -1.403976 -1.273078 
1.007563 -1.453331 -1.280933 
1.375694 -1.511281 -1.290510 
1.724428 -1.568530 -1.297918 
2.058956 -1.619975 -1.300502 
2.384250 -1.663847 -1.297225 
2.704087 -1.700250 -1.288270 
3.021005 -1.730083 -1.274467 
3.336600 -1.754446 -1.256848 
3.651823 -1.774373 -1.236409 
3.967217 -1.790749 -1.214003 
4.283074 -1.804289 -1.190312 
4.599537 -1.815562 -1.165862 
4.916659 -1.825016 -1.141048 
5.234444 -1.833002 -1.116160 
5.552869 -1.839794 -1.091410 
5.871896 -1.845610 -1.066945 
6.191482 -1.850622 -1.042870 
6.511580 -1.854966 -1.019254 
6.832149 -1.858754 -0.996143 
7.153145 -1.862074 -0.973562 
7.474532 -1.864997 -0.951526 
7.796272 -1.867585 -0.930037 
8.118336 -1.869884 -0.909093 
-8.119132 -1.749071 -0.765393 
-7.797166 -1.746889 -0.785952 
-7.475540 -1.744432 -0.807075 
-7.154287 -1.741652 -0.828774 
-6.833449 -1.738490 -0.851059 
-6.513068 -1.734877 -0.873933 
-6.193194 -1.730724 -0.897391 
-5.873879 -1.725923 -0.921416 
-5.555180 -1.720337 -0.945977 
-5.237155 -1.713794 -0.971017 
-4.919863 -1.706073 -0.996450 
-4.603352 -1.696894 -1.022147 
-4.287651 -1.685894 -1.047920 
-3.972750 -1.672602 -1.073501 
-3.658562 -1.656409 -1.098516 
-3.344862 -1.636529 -1.122455 
-3.031180 -1.611958 -1.144627 
-2.716631 -1.581465 -1.164141 
-2.399633 -1.543637 -1.179889 
-2.077511 -1.497120 -1.190624 
-1.746030 -1.441237 -1.195163 
-1.399187 -1.377286 -1.192849 
-1.030092 -1.310575 -1.184282 
-0.634181 -1.252123 -1.172071 
-0.214623 -1.217015 -1.160846 
0.214619 -1.217015 -1.155634 
0.634177 -1.252122 -1.158998 
1.030088 -1.310574 -1.169268 
1.399184 -1.377285 -1.181714 
1.746027 -1.441236 -1.191409 
2.077507 -1.497120 -1.195244 
2.399630 -1.543637 -1.192221 
2.716628 -1.581464 -1.182787 
3.031177 -1.611958 -1.168055 
3.344859 -1.636528 -1.149286 
3.658559 -1.656409 -1.127626 
3.972747 -1.672602 -1.104018 
4.287648 -1.685894 -1.079195 
4.603348 -1.696894 -1.053704 
4.919860 -1.706073 -1.027947 
5.237153 -1.713793 -1.002215 
5.555177 -1.720337 -0.976709 
5.873876 -1.725923 -0.951572 
6.193191 -1.730724 -0.926897 
6.513065 -1.734877 -0.902748 
6.833446 -1.738490 -0.879160 
7.154284 -1.741652 -0.856154 
7.475536 -1.744432 -0.833737 
7.797163 -1.746889 -0.811907 
8.119128 -1.749071 -0.790655 
-8.119882 -1.628290 -0.646541 
-7.798009 -1.626233 -0.667370 
-7.476491 -1.623913 -0.688791 
-7.155368 -1.621284 -0.710823 
-6.834682 -1.618290 -0.733479 
-6.514482 -1.614864 -0.756768 
-6.194825 -1.610918 -0.780693 
-5.875772 -1.606346 -0.805243 
-5.557393 -1.601014 -0.830394 
-5.239761 -1.594750 -0.856102 
-4.922954 -1.587334 -0.882289 
-4.607049 -1.578480 -0.908836 
-4.292111 -1.567819 -0.935566 
-3.978178 -1.554861 -0.962218 
-3.665227 -1.538961 -0.988419 
-3.353113 -1.519268 -1.013642 
-3.041465 -1.494663 -1.037164 
-2.729502 -1.463710 -1.058011 
-2.415711 -1.424657 -1.074933 
-2.097353 -1.375607 -1.086444 
-1.769772 -1.315131 -1.091022 
-1.425833 -1.243760 -1.087623 
-1.056495 -1.166725 -1.076619 
-0.654573 -1.096946 -1.060926 
-0.222437 -1.053968 -1.046324 
0.222433 -1.053968 -1.039481 
0.654569 -1.096946 -1.043903 
1.056491 -1.166724 -1.057298 
1.425829 -1.243760 -1.073332 
1.769769 -1.315130 -1.085754 
2.097350 -1.375606 -1.090970 
2.415709 -1.424656 -1.088128 
2.729499 -1.463710 -1.078051 
3.041462 -1.494663 -1.062210 
3.353110 -1.519268 -1.042128 
3.665224 -1.538961 -1.019114 
3.978175 -1.554860 -0.994202 
4.292108 -1.567819 -0.968169 
4.607046 -1.578480 -0.941581 
4.922951 -1.587334 -0.914843 
5.239758 -1.594750 -0.888236 
5.557390 -1.601014 -0.861956 
5.875769 -1.606346 -0.836133 
6.194822 -1.610918 -0.810851 
6.514479 -1.614864 -0.786163 
6.834678 -1.618290 -0.762096 
7.155365 -1.621284 -0.738664 
7.476488 -1.623913 -0.715866 
7.798006 -1.626233 -0.693695 
8.119878 -1.628290 -0.672137 
-8.120585 -1.507542 -0.527609 
-7.798802 -1.505613 -0.548704 
-7.477388 -1.503436 -0.570422 
-7.156387 -1.500967 -0.592784 
-6.835845 -1.498151 -0.615810 
-6.515820 -1.494923 -0.639515 
-6.196371 -1.491199 -0.663906 
-5.877572 -1.486876 -0.688984 
-5.559501 -1.481822 -0.714734 
-5.242250 -1.475868 -0.741119 
-4.925918 -1.468795 -0.768076 
-4.610610 -1.460320 -0.795499 
-4.296429 -1.450065 -0.823223 
-3.983467 -1.437530 -0.850998 
-3.671771 -1.422043 -0.878456 
-3.361293 -1.402694 -0.905066 
-3.051785 -1.378256 -0.930073 
-2.742614 -1.347093 -0.952429 
-2.432407 -1.307087 -0.970737 
-2.118457 -1.255723 -0.983245 
-1.795784 -1.190619 -0.988021 
-1.456065 -1.111141 -0.983502 
-1.087608 -1.021963 -0.969659 
-0.679445 -0.937967 -0.949645 
-0.232172 -0.884630 -0.930667 
0.232168 -0.884630 -0.921656 
0.679441 -0.937966 -0.927487 
1.087605 -1.021962 -0.944961 
1.456061 -1.111140 -0.965499 
1.795781 -1.190618 -0.981151 
2.118454 -1.255723 -0.987851 
2.432404 -1.307086 -0.985061 
2.742611 -1.347092 -0.974125 
3.051782 -1.378256 -0.956959 
3.361290 -1.402693 -0.935378 
3.671768 -1.422042 -0.910865 
3.983464 -1.437530 -0.884540 
4.296426 -1.450065 -0.857220 
4.610606 -1.460320 -0.829479 
4.925915 -1.468795 -0.801719 
5.242247 -1.475868 -0.774211 
5.559498 -1.481822 -0.747138 
5.877568 -1.486876 -0.720617 
6.196368 -1.491199 -0.694720 
6.515816 -1.494923 -0.669490 
6.835843 -1.498151 -0.644943 
7.156384 -1.500966 -0.621084 
7.477385 -1.503436 -0.597907 
7.798799 -1.505613 -0.575397 
8.120583 -1.507542 -0.553535 
-8.121243 -1.386823 -0.408592 
-7.799543 -1.385028 -0.429950 
-7.478227 -1.383000 -0.451961 
-7.157341 -1.380698 -0.474652 
-6.836937 -1.378069 -0.498046 
-6.517076 -1.375051 -0.522164 
-6.197826 -1.371564 -0.547023 
-5.879268 -1.367508 -0.572631 
-5.561494 -1.362755 -0.598983 
-5.244611 -1.357142 -0.626055 
-4.928738 -1.350453 -0.653797 
-4.614011 -1.342408 -0.682119 
-4.300575 -1.332630 -0.710871 
-3.988576 -1.320612 -0.739819 
-3.678141 -1.305663 -0.768609 
-3.369331 -1.286829 -0.796711 
-3.062049 -1.262789 -0.823350 
-2.755854 -1.231712 -0.847412 
-2.449599 -1.191113 -0.867353 
-2.140742 -1.137792 -0.881136 
-1.824140 -1.068195 -0.886346 
-1.490332 -0.980027 -0.880737 
-1.124456 -0.876644 -0.863628 
-0.710146 -0.774663 -0.838251 
-0.244511 -0.707439 -0.813550 
0.244506 -0.707439 -0.801621 
0.710142 -0.774662 -0.809354 
1.124452 -0.876643 -0.832209 
1.490329 -0.980026 -0.858413 
1.824137 -1.068194 -0.877855 
2.140739 -1.137792 -0.886090 
2.449596 -1.191113 -0.883145 
2.755851 -1.231712 -0.871073 
3.062046 -1.262788 -0.852323 
3.369328 -1.286829 -0.829036 
3.678138 -1.305663 -0.802866 
3.988573 -1.320612 -0.775016 
4.300572 -1.332629 -0.746327 
4.614008 -1.342407 -0.717378 
4.928735 -1.350453 -0.688557 
5.244607 -1.357142 -0.660124 
5.561491 -1.362755 -0.632241 
5.879265 -1.367508 -0.605013 
6.197823 -1.371564 -0.578496 
6.517073 -1.375051 -0.552720 
6.836934 -1.378069 -0.527693 
7.157338 -1.380698 -0.503409 
7.478224 -1.383000 -0.479853 
7.799540 -1.385028 -0.457007 
8.121241 -1.386823 -0.434845 
-8.121853 -1.266132 -0.289488 
-7.800230 -1.264476 -0.311105 
-7.479006 -1.262603 -0.333406 
-7.158228 -1.260475 -0.356420 
-6.837953 -1.258042 -0.380179 
-6.518246 -1.255245 -0.404709 
-6.199184 -1.252009 -0.430035 
-5.880854 -1.248237 -0.456173 
-5.563362 -1.243809 -0.483130 
-5.246829 -1.238566 -0.510896 
-4.931397 -1.232300 -0.539436 
-4.617231 -1.224737 -0.568677 
-4.304519 -1.215507 -0.598489 
-3.993464 -1.204102 -0.628661 
-3.684281 -1.189825 -0.658856 
-3.377150 -1.171690 -0.688558 
-3.072151 -1.148301 -0.716983 
-2.769085 -1.117660 -0.742967 
-2.467124 -1.076923 -0.764829 
-2.164057 -1.022162 -0.780234 
-1.854836 -0.948449 -0.786211 
-1.529065 -0.851233 -0.779640 
-1.168276 -0.731397 -0.758844 
-0.748544 -0.606508 -0.726818 
-0.260466 -0.520281 -0.694564 
0.260461 -0.520280 -0.678641 
0.748539 -0.606507 -0.688989 
1.168273 -0.731396 -0.719021 
1.529062 -0.851232 -0.752365 
1.854833 -0.948448 -0.776197 
2.164055 -1.022161 -0.785927 
2.467121 -1.076922 -0.782516 
2.769083 -1.117660 -0.768955 
3.072148 -1.148301 -0.748318 
3.377147 -1.171690 -0.723093 
3.684278 -1.189825 -0.695100 
3.993462 -1.204102 -0.665606 
4.304515 -1.215506 -0.635468 
4.617229 -1.224737 -0.605256 
4.931394 -1.232300 -0.575341 
5.246826 -1.238566 -0.545958 
5.563359 -1.243809 -0.517253 
5.880851 -1.248237 -0.489308 
6.199181 -1.252009 -0.462168 
6.518243 -1.255245 -0.435845 
6.837950 -1.258042 -0.410338 
7.158225 -1.260475 -0.385630 
7.479002 -1.262603 -0.361701 
7.800227 -1.264476 -0.338521 
8.121849 -1.266132 -0.316062 
-8.122412 -1.145466 -0.170291 
-7.800861 -1.143954 -0.192164 
-7.479722 -1.142242 -0.214750 
-7.159044 -1.140295 -0.238085 
-6.838889 -1.138066 -0.262204 
-6.519327 -1.135501 -0.287143 
-6.200438 -1.132528 -0.312932 
-5.882323 -1.129059 -0.339600 
-5.565095 -1.124977 -0.367164 
-5.248893 -1.120133 -0.395629 
-4.933879 -1.114329 -0.424976 
-4.620248 -1.107300 -0.455153 
-4.308229 -1.098687 -0.486055 
-3.998090 -1.087993 -0.517497 
-3.690130 -1.074523 -0.549169 
-3.384667 -1.057282 -0.580579 
-3.081973 -1.034823 -0.610952 
-2.782144 -1.005014 -0.639094 
-2.484768 -0.964688 -0.663204 
-2.188169 -0.909196 -0.680654 
-1.887745 -0.832068 -0.687857 
-1.572616 -0.725835 -0.680604 
-1.220535 -0.587272 -0.655756 
-0.797249 -0.433071 -0.615516 
-0.281589 -0.320225 -0.573193 
0.281584 -0.320224 -0.551702 
0.797244 -0.433070 -0.565712 
1.220531 -0.587271 -0.605439 
1.572612 -0.725834 -0.647779 
1.887742 -0.832067 -0.676595 
2.188166 -0.909195 -0.687634 
2.484765 -0.964688 -0.683313 
2.782141 -1.005013 -0.667823 
3.081970 -1.034823 -0.644949 
3.384664 -1.057282 -0.617532 
3.690128 -1.074523 -0.587539 
3.998087 -1.087993 -0.556282 
4.308226 -1.098687 -0.524617 
4.620245 -1.107300 -0.493091 
4.933876 -1.114329 -0.462048 
5.248889 -1.120133 -0.431696 
5.565092 -1.124977 -0.402156 
5.882320 -1.129059 -0.373491 
6.200435 -1.132528 -0.345724 
6.519323 -1.135501 -0.318855 
6.838886 -1.138066 -0.292870 
7.159041 -1.140295 -0.267743 
7.479718 -1.142242 -0.243442 
7.800858 -1.143954 -0.219934 
8.122409 -1.145466 -0.197182 
-8.122919 -1.024825 -0.051000 
-7.801435 -1.023460 -0.073122 
-7.480372 -1.021914 -0.095988 
-7.159787 -1.020154 -0.119638 
-6.839742 -1.018137 -0.144114 
-6.520312 -1.015813 -0.169456 
-6.201585 -1.013117 -0.195706 
-5.883667 -1.009966 -0.222900 
-5.566685 -1.006251 -0.251071 
-5.250790 -1.001834 -0.280236 
-4.936166 -0.996528 -0.310398 
-4.623038 -0.990083 -0.341526 
-4.311676 -0.982157 -0.373544 
-4.002409 -0.972271 -0.406297 
-3.695629 -0.959747 -0.439516 
-3.391791 -0.943599 -0.472741 
-3.091386 -0.922364 -0.505227 
-2.794843 -0.893826 -0.535776 
-2.502267 -0.854561 -0.562502 
-2.212739 -0.799251 -0.582503 
-1.922568 -0.719816 -0.591545 
-1.621157 -0.605224 -0.584109 
-1.282883 -0.445960 -0.554991 
-0.859958 -0.254227 -0.504676 
-0.310360 -0.103107 -0.448787 
0.310354 -0.103107 -0.419370 
0.859954 -0.254226 -0.438624 
1.282880 -0.445958 -0.491625 
1.621154 -0.605223 -0.545271 
1.922565 -0.719815 -0.579578 
2.212736 -0.799251 -0.591520 
2.502264 -0.854561 -0.585673 
2.794840 -0.893826 -0.567716 
3.091383 -0.922364 -0.542208 
3.391788 -0.943599 -0.512324 
3.695626 -0.959747 -0.480149 
4.002406 -0.972271 -0.447012 
4.311673 -0.982157 -0.413744 
4.623034 -0.990083 -0.380857 
4.936163 -0.996528 -0.348657 
5.250787 -1.001834 -0.317320 
5.566682 -1.006251 -0.286936 
5.883664 -1.009966 -0.257546 
6.201582 -1.013117 -0.229153 
6.520308 -1.015813 -0.201741 
6.839739 -1.018137 -0.175282 
7.159784 -1.020154 -0.149739 
7.480369 -1.021914 -0.125072 
7.801431 -1.023460 -0.101240 
8.122916 -1.024825 -0.078201 
-8.123374 -0.904205 0.068391 
-7.801949 -0.902992 0.046024 
-7.480956 -0.901616 0.022883 
-7.160454 -0.900048 -0.001076 
-6.840508 -0.898251 -0.025902 
-6.521198 -0.896178 -0.051642 
-6.202618 -0.893770 -0.078347 
-5.884881 -0.890951 -0.106064 
-5.568122 -0.887624 -0.134837 
-5.252509 -0.883660 -0.164703 
-4.938244 -0.878887 -0.195683 
-4.625580 -0.873073 -0.227774 
-4.314829 -0.865900 -0.260927 
-4.006379 -0.856915 -0.295031 
-3.700714 -0.845473 -0.329857 
-3.398433 -0.830621 -0.365001 
-3.100252 -0.810917 -0.399765 
-2.806972 -0.784122 -0.432983 
-2.519304 -0.746653 -0.462726 
-2.237316 -0.692654 -0.485875 
-1.958777 -0.612501 -0.497548 
-1.674538 -0.491126 -0.490728 
-1.357017 -0.310093 -0.457417 
-0.941931 -0.070619 -0.394908 
-0.350918 0.137159 -0.320549 
0.350911 0.137160 -0.279564 
0.941927 -0.070617 -0.306530 
1.357014 -0.310091 -0.377972 
1.674535 -0.491125 -0.445728 
1.958774 -0.612500 -0.485798 
2.237313 -0.692654 -0.497915 
2.519301 -0.746652 -0.489718 
2.806969 -0.784121 -0.468652 
3.100249 -0.810917 -0.440067 
3.398430 -0.830621 -0.407429 
3.700711 -0.845473 -0.372889 
4.006376 -0.856915 -0.337756 
4.314826 -0.865899 -0.302815 
4.625577 -0.873073 -0.268524 
4.938241 -0.878887 -0.235144 
5.252505 -0.883660 -0.202808 
5.568119 -0.887624 -0.171577 
5.884877 -0.890951 -0.141461 
6.202615 -0.893770 -0.112444 
6.521195 -0.896178 -0.084493 
6.840505 -0.898251 -0.057565 
7.160451 -0.900048 -0.031612 
7.480953 -0.901616 -0.006585 
7.801945 -0.902992 0.017565 
8.123371 -0.904205 0.040886 
-8.123775 -0.783605 0.187885 
-7.802402 -0.782546 0.165279 
-7.481472 -0.781345 0.141870 
-7.161043 -0.779975 0.117608 
-6.841186 -0.778404 0.092439 
-6.521983 -0.776590 0.066308 
-6.203533 -0.774480 0.039155 
-5.885956 -0.772008 0.010922 
-5.569398 -0.769086 -0.018450 
-5.254038 -0.765598 -0.049013 
-4.940098 -0.761390 -0.080812 
-4.627855 -0.756253 -0.113870 
-4.317659 -0.749894 -0.148176 
-4.009959 -0.741901 -0.183660 
-3.705325 -0.731673 -0.220150 
-3.404499 -0.718315 -0.257308 
-3.108428 -0.700450 -0.294511 
-2.818304 -0.675889 -0.330662 
-2.535517 -0.641019 -0.363855 
-2.261327 -0.589659 -0.390829 
-1.995563 -0.510908 -0.406129 
-1.732078 -0.385570 -0.401123 
-1.444331 -0.183617 -0.364214 
-1.050598 0.115381 -0.287288 
-0.410587 0.409757 -0.187545 
0.410580 0.409759 -0.129174 
1.050594 0.115384 -0.167845 
1.444328 -0.183614 -0.265295 
1.732076 -0.385568 -0.350408 
1.995561 -0.510907 -0.396033 
2.261324 -0.589659 -0.407152 
2.535514 -0.641019 -0.395541 
2.818302 -0.675889 -0.370619 
3.108426 -0.700450 -0.338479 
3.404496 -0.718315 -0.302790 
3.705323 -0.731673 -0.265705 
4.009955 -0.741901 -0.228469 
4.317657 -0.749894 -0.191791 
4.627851 -0.756253 -0.156062 
4.940094 -0.761390 -0.121482 
5.254035 -0.765598 -0.088141 
5.569395 -0.769086 -0.056059 
5.885953 -0.772008 -0.025221 
6.203530 -0.774480 0.004414 
6.521979 -0.776590 0.032899 
6.841183 -0.778404 0.060289 
7.161040 -0.779975 0.086646 
7.481468 -0.781345 0.112026 
7.802398 -0.782546 0.136487 
8.123772 -0.783605 0.160084 
-8.124121 -0.663021 0.307485 
-7.802793 -0.662120 0.284647 
-7.481916 -0.661097 0.260977 
-7.161551 -0.659930 0.236420 
-6.841772 -0.658591 0.210916 
-6.522662 -0.657043 0.184401 
-6.204326 -0.655241 0.156809 
-5.886889 -0.653128 0.128068 
-5.570507 -0.650626 0.098106 
-5.255369 -0.647637 0.066851 
-4.941714 -0.644024 0.034236 
-4.629843 -0.639603 0.000209 
-4.320141 -0.634117 -0.035258 
-4.013109 -0.627198 -0.072145 
-3.709404 -0.618307 -0.110345 
-3.409900 -0.606633 -0.149602 
-3.115772 -0.590907 -0.189395 
-2.828605 -0.569074 -0.228740 
-2.550505 -0.537645 -0.265830 
-2.284089 -0.490407 -0.297382 
-2.031799 -0.415699 -0.317517 
-1.792325 -0.290749 -0.316019 
-1.545223 -0.072133 -0.276944 
-1.196103 0.297698 -0.183668 
nan nan -0.048802 
nan nan 0.036616 
nan nan -0.020502 
1.545220 -0.072130 -0.155170 
1.792323 -0.290747 -0.261059 
2.031796 -0.415698 -0.311174 
2.284086 -0.490406 -0.319541 
2.550503 -0.537645 -0.303189 
2.828602 -0.569073 -0.273570 
3.115769 -0.590907 -0.237370 
3.409897 -0.606633 -0.198335 
3.709401 -0.618307 -0.158535 
4.013106 -0.627198 -0.119099 
4.320138 -0.634117 -0.080632 
4.629839 -0.639603 -0.043436 
4.941710 -0.644024 -0.007646 
5.255366 -0.647637 0.026705 
5.570504 -0.650626 0.059633 
5.886886 -0.653128 0.091188 
6.204322 -0.655241 0.121435 
6.522658 -0.657043 0.150445 
6.841768 -0.658591 0.178289 
7.161548 -0.659930 0.205040 
7.481913 -0.661097 0.230766 
7.802789 -0.662120 0.255531 
8.124117 -0.663021 0.279396 
-8.124410 -0.542452 0.427195 
-7.803120 -0.541711 0.404132 
-7.482289 -0.540870 0.380209 
-7.161978 -0.539910 0.355364 
-6.842263 -0.538807 0.329534 
-6.523232 -0.537531 0.302646 
-6.204992 -0.536046 0.274624 
-5.887674 -0.534302 0.245385 
-5.571441 -0.532235 0.214843 
-5.256492 -0.529763 0.182906 
-4.943080 -0.526770 0.149484 
-4.631526 -0.523101 0.114492 
-4.322249 -0.518538 0.077861 
-4.015795 -0.512768 0.039556 
-3.712896 -0.505327 -0.000389 
-3.414550 -0.495510 -0.041815 
-3.122144 -0.482205 -0.084331 
-2.837638 -0.463573 -0.127117 
-2.563853 -0.436426 -0.168549 
-2.304830 -0.394878 -0.205483 
-2.066040 -0.327277 -0.231862 
-1.852819 -0.208719 -0.236147 
-1.657889 0.017033 -0.197595 
-1.390946 0.462769 -0.087160 
nan nan 0.096355 
nan nan 0.225619 
nan nan 0.138062 
1.657888 0.017035 -0.050527 
1.852817 -0.208717 -0.180021 
2.066038 -0.327276 -0.232171 
2.304828 -0.394878 -0.235319 
2.563851 -0.436426 -0.212640 
2.837636 -0.463573 -0.177408 
3.122141 -0.482204 -0.136639 
3.414547 -0.495510 -0.093976 
3.712893 -0.505327 -0.051307 
4.015792 -0.512768 -0.009590 
4.322246 -0.518538 0.030708 
4.631524 -0.523101 0.069388 
4.943077 -0.526770 0.106394 
5.256489 -0.529762 0.141750 
5.571438 -0.532235 0.175518 
5.887671 -0.534302 0.207782 
6.204988 -0.536046 0.238630 
6.523228 -0.537531 0.268154 
6.842260 -0.538807 0.296443 
7.161975 -0.539910 0.323579 
7.482285 -0.540870 0.349641 
7.803117 -0.541711 0.374701 
8.124407 -0.542452 0.398826 
-8.124642 -0.421895 0.547018 
-7.803383 -0.421317 0.523738 
-7.482589 -0.420659 0.499570 
-7.162322 -0.419909 0.474448 
-6.842659 -0.419047 0.448301 
-6.523691 -0.418049 0.421050 
-6.205529 -0.416887 0.392610 
-5.888308 -0.415521 0.362886 
-5.572196 -0.413901 0.331776 
-5.257400 -0.411961 0.299170 
-4.944186 -0.409610 0.264953 
-4.632893 -0.406724 0.229005 
-4.323963 -0.403128 0.191216 
-4.017984 -0.398570 0.151490 
-3.715752 -0.392675 0.109779 
-3.418373 -0.384869 0.066131 
-3.127415 -0.374234 0.020781 
-2.845181 -0.359237 -0.025665 
-2.575146 -0.337162 -0.071865 
-2.322737 -0.302855 -0.114999 
-2.096588 -0.245639 -0.149190 
-1.909981 -0.140901 -0.162142 
-1.776640 0.075591 -0.128532 
nan nan -0.002820 
nan nan 0.247301 
nan nan 0.451255 
nan nan 0.310548 
nan nan 0.043393 
1.909979 -0.140900 -0.110265 
2.096586 -0.245638 -0.159917 
2.322734 -0.302854 -0.154590 
2.575144 -0.337162 -0.123774 
2.845178 -0.359237 -0.081982 
3.127413 -0.374234 -0.036151 
3.418370 -0.384869 0.010393 
3.715750 -0.392675 0.056061 
4.017981 -0.398570 0.100123 
4.323959 -0.403128 0.142278 
4.632889 -0.406724 0.182448 
4.944182 -0.409610 0.220667 
5.257397 -0.411961 0.257019 
5.572192 -0.413901 0.291616 
5.888305 -0.415521 0.324574 
6.205525 -0.416887 0.356011 
6.523687 -0.418049 0.386037 
6.842655 -0.419047 0.414758 
7.162318 -0.419909 0.442268 
7.482585 -0.420659 0.468656 
7.803380 -0.421317 0.494002 
8.124639 -0.421895 0.518379 
-8.124817 -0.301347 0.666957 
-7.803582 -0.300933 0.643469 
-7.482814 -0.300462 0.619064 
-7.162580 -0.299924 0.593675 
-6.842957 -0.299306 0.567223 
-6.524037 -0.298590 0.539622 
-6.205934 -0.297756 0.510777 
-5.888786 -0.296775 0.480582 
-5.572765 -0.295611 0.448920 
-5.258086 -0.294216 0.415661 
-4.945023 -0.292525 0.380664 
-4.633928 -0.290445 0.343778 
-4.325264 -0.287851 0.304844 
-4.019650 -0.284557 0.263704 
-3.717933 -0.280288 0.220222 
-3.421302 -0.274617 0.174321 
-3.131475 -0.266863 0.126056 
-2.851032 -0.255867 0.075772 
-2.584002 -0.239553 0.024427 
-2.337016 -0.213891 -0.025692 
-2.121635 -0.170239 -0.069337 
-1.959281 -0.087438 -0.094379 
-1.890298 0.096616 -0.072266 
nan nan 0.061545 
nan nan 0.399370 
nan nan 0.738364 
nan nan 0.498097 
nan nan 0.117614 
1.959280 -0.087437 -0.055214 
2.121633 -0.170238 -0.095067 
2.337014 -0.213891 -0.077251 
2.584000 -0.239553 -0.036359 
2.851029 -0.255867 0.012920 
3.131473 -0.266862 0.064258 
3.421299 -0.274617 0.114896 
3.717930 -0.280288 0.163661 
4.019647 -0.284557 0.210106 
4.325261 -0.287851 0.254128 
4.633925 -0.290445 0.295784 
4.945020 -0.292525 0.335202 
5.258083 -0.294216 0.372535 
5.572762 -0.295611 0.407943 
5.888783 -0.296775 0.441580 
6.205931 -0.297756 0.473590 
6.524034 -0.298590 0.504104 
6.842953 -0.299306 0.533244 
7.162577 -0.299924 0.561116 
7.482811 -0.300462 0.587819 
7.803578 -0.300933 0.613440 
8.124814 -0.301347 0.638060 
-8.124934 -0.180806 0.787016 
-7.803714 -0.180557 0.763328 
-7.482965 -0.180274 0.738698 
-7.162753 -0.179950 0.713052 
-6.843156 -0.179578 0.686306 
-6.524269 -0.179148 0.658368 
-6.206205 -0.178646 0.629133 
-5.889106 -0.178055 0.598484 
-5.573147 -0.177354 0.566287 
-5.258547 -0.176514 0.532396 
-4.945585 -0.175493 0.496642 
-4.634624 -0.174239 0.458839 
-4.326139 -0.172672 0.418782 
-4.020772 -0.170680 0.376247 
-3.719405 -0.168094 0.331007 
-3.423285 -0.164653 0.282847 
-3.134235 -0.159935 0.231623 
-2.855030 -0.153221 0.177373 
-2.590102 -0.143204 0.120582 
-2.346974 -0.127316 0.062787 
-2.139474 -0.099913 0.008097 
-1.995826 -0.046590 -0.032780 
-1.982298 0.078670 -0.030922 
nan nan 0.094938 
nan nan 0.536573 
nan nan 1.137893 
nan nan 0.693904 
nan nan 0.157902 
1.995825 -0.046589 -0.018165 
2.139472 -0.099913 -0.037771 
2.346972 -0.127316 -0.002915 
2.590099 -0.143204 0.049978 
2.855027 -0.153221 0.107576 
3.134232 -0.159935 0.164785 
3.423282 -0.164653 0.219672 
3.719402 -0.168094 0.271591 
4.020770 -0.170680 0.320432 
4.326136 -0.172672 0.366312 
4.634620 -0.174239 0.409435 
4.945582 -0.175493 0.450030 
5.258543 -0.176514 0.488322 
5.573143 -0.177354 0.524520 
5.889103 -0.178055 0.558815 
6.206202 -0.178646 0.591379 
6.524265 -0.179148 0.622365 
6.843153 -0.179578 0.651907 
7.162750 -0.179950 0.680127 
7.482962 -0.180274 0.707133 
7.803711 -0.180557 0.733019 
8.124930 -0.180806 0.757870 
-8.124992 -0.060269 0.907198 
-7.803781 -0.060186 0.883319 
-7.483041 -0.060091 0.858474 
-7.162839 -0.059983 0.832583 
-6.843256 -0.059859 0.805557 
-6.524384 -0.059715 0.777297 
-6.206341 -0.059548 0.747688 
-5.889266 -0.059351 0.716603 
-5.573339 -0.059116 0.683893 
-5.258778 -0.058836 0.649392 
-4.945867 -0.058495 0.612907 
-4.634973 -0.058075 0.574217 
-4.326579 -0.057551 0.533068 
-4.021338 -0.056885 0.489172 
-3.720147 -0.056019 0.442203 
-3.424285 -0.054865 0.391806 
-3.135630 -0.053282 0.337620 
-2.857059 -0.051023 0.279345 
-2.593212 -0.047646 0.216908 
-2.352091 -0.042265 0.150907 
-2.148765 -0.032918 0.083797 
-2.015353 -0.014484 0.023414 
-2.034473 0.030137 -0.005330 
nan nan 0.084445 
nan nan 0.613839 
nan nan 1.770925 
nan nan 0.861204 
nan nan 0.144784 
nan nan -0.001113 
2.148763 -0.032918 0.012638 
2.352089 -0.042265 0.069147 
2.593210 -0.047646 0.135749 
2.857056 -0.051023 0.202323 
3.135628 -0.053281 0.265653 
3.424282 -0.054865 0.324872 
3.720144 -0.056019 0.379956 
4.021334 -0.056885 0.431175 
4.326576 -0.057551 0.478883 
4.634970 -0.058075 0.523442 
4.945864 -0.058495 0.565182 
5.258774 -0.058836 0.604402 
5.573335 -0.059116 0.641363 
5.889264 -0.059351 0.676293 
6.206337 -0.059548 0.709390 
6.524381 -0.059715 0.740827 
6.843253 -0.059859 0.770756 
7.162837 -0.059983 0.799310 
7.483037 -0.060091 0.826604 
7.803777 -0.060186 0.852742 
8.124990 -0.060269 0.877816 
-8.124992 0.060267 1.027506 
-7.803781 0.060184 1.003447 
-7.483041 0.060089 0.978397 
-7.162839 0.059981 0.952273 
-6.843256 0.059857 0.924982 
-6.524384 0.059714 0.896415 
-6.206341 0.059546 0.866451 
-5.889266 0.059349 0.834950 
-5.573339 0.059115 0.801751 
-5.258778 0.058834 0.766668 
-4.945867 0.058493 0.729482 
-4.634973 0.058074 0.689940 
-4.326579 0.057549 0.647740 
-4.021338 0.056883 0.602528 
-3.720147 0.056017 0.553880 
-3.424285 0.054864 0.501298 
-3.135630 0.053280 0.444196 
-2.857059 0.051022 0.381910 
-2.593212 0.047644 0.313758 
-2.352091 0.042263 0.239242 
-2.148765 0.032917 0.158735 
-2.015354 0.014484 0.075797 
nan nan 0.006133 
nan nan 0.020485 
nan nan 0.524906 
nan nan 3.000083 
nan nan 0.867025 
nan nan 0.059349 
nan nan -0.003024 
2.148763 0.032917 0.057896 
2.352089 0.042263 0.140031 
2.593210 0.047644 0.221602 
2.857057 0.051022 0.297554 
3.135628 0.053280 0.367110 
3.424282 0.054864 0.430657 
3.720144 0.056017 0.488866 
4.021334 0.056883 0.542411 
4.326576 0.057549 0.591898 
4.634970 0.058073 0.637844 
4.945864 0.058493 0.680688 
5.258774 0.058834 0.720800 
5.573335 0.059115 0.758492 
5.889264 0.059349 0.794028 
6.206337 0.059546 0.827634 
6.524381 0.059714 0.859502 
6.843253 0.059857 0.889799 
7.162837 0.059981 0.918669 
7.483037 0.060089 0.946238 
7.803777 0.060184 0.972616 
8.124990 0.060267 0.997900 
-8.124934 0.180804 1.147943 
-7.803714 0.180555 1.123713 
-7.482965 0.180272 1.098471 
-7.162753 0.179948 1.072128 
-6.843156 0.179577 1.044585 
-6.524269 0.179146 1.015729 
-6.206205 0.178644 0.985429 
-5.889106 0.178053 0.953536 
-5.573147 0.177352 0.919873 
-5.258547 0.176512 0.884238 
-4.945585 0.175492 0.846388 
-4.634624 0.174237 0.806036 
-4.326139 0.172670 0.762836 
-4.020772 0.170678 0.716366 
-3.719405 0.168092 0.666110 
-3.423285 0.164652 0.611425 
-3.134235 0.159934 0.551499 
-2.855030 0.153219 0.485301 
-2.590102 0.143203 0.411511 
-2.346974 0.127315 0.328455 
-2.139474 0.099912 0.234140 
-1.995826 0.046589 0.126824 
nan nan 0.008458 
nan nan -0.093012 
nan nan 0.104918 
nan nan 6.438235 
nan nan 0.378286 
nan nan -0.100508 
nan nan -0.018207 
2.139472 0.099912 0.100893 
2.346972 0.127315 0.211163 
2.590099 0.143203 0.308289 
2.855027 0.153219 0.393697 
3.134232 0.159934 0.469413 
3.423282 0.164652 0.537193 
3.719402 0.168092 0.598431 
4.020770 0.170678 0.654218 
4.326136 0.172670 0.705409 
4.634620 0.174237 0.752681 
4.945582 0.175492 0.796577 
5.258543 0.176512 0.837538 
5.573143 0.177352 0.875924 
5.889103 0.178053 0.912035 
6.206202 0.178644 0.946122 
6.524265 0.179146 0.978398 
6.843153 0.179577 1.009042 
7.162750 0.179948 1.038211 
7.482962 0.180272 1.066039 
7.803711 0.180555 1.092643 
8.124931 0.180804 1.118125 
-8.124817 0.301345 1.268511 
-7.803582 0.300931 1.244122 
-7.482814 0.300460 1.218699 
-7.162580 0.299922 1.192151 
-6.842957 0.299304 1.164373 
-6.524037 0.298588 1.135246 
-6.205934 0.297754 1.104631 
-5.888786 0.296773 1.072369 
-5.572765 0.295610 1.038273 
-5.258086 0.294215 1.002119 
-4.945023 0.292523 0.963645 
-4.633928 0.290444 0.922532 
-4.325264 0.287849 0.878389 
-4.019650 0.284555 0.830735 
-3.717933 0.280286 0.778961 
-3.421302 0.274616 0.722286 
-3.131475 0.266861 0.659681 
-2.851032 0.255865 0.589756 
-2.584002 0.239552 0.510562 
-2.337016 0.213890 0.419251 
-2.121635 0.170238 0.311404 
-1.959282 0.087438 0.179614 
nan nan 0.009924 
nan nan -0.229533 
nan nan -0.647739 
nan nan -6.381484 
nan nan -0.809754 
nan nan -0.300351 
nan nan -0.036057 
2.121633 0.170237 0.145450 
2.337014 0.213889 0.284191 
2.584000 0.239552 0.396628 
2.851030 0.255865 0.491199 
3.131473 0.266861 0.572829 
3.421299 0.274616 0.644644 
3.717930 0.280286 0.708759 
4.019647 0.284555 0.766668 
4.325261 0.287849 0.819469 
4.633925 0.290444 0.867992 
4.945020 0.292523 0.912879 
5.258083 0.294215 0.954637 
5.572762 0.295610 0.993675 
5.888783 0.296773 1.030326 
6.205931 0.297754 1.064865 
6.524034 0.298588 1.097522 
6.842953 0.299304 1.128492 
7.162577 0.299922 1.157942 
7.482811 0.300460 1.186012 
7.803578 0.300931 1.212827 
8.124814 0.301345 1.238495 
-8.124642 0.421893 1.389213 
-7.803383 0.421315 1.364676 
-7.482589 0.420658 1.339086 
-7.162322 0.419907 1.312347 
-6.842659 0.419045 1.284351 
-6.523691 0.418047 1.254972 
-6.205529 0.416885 1.224065 
-5.888308 0.415519 1.191461 
-5.572196 0.413899 1.156960 
-5.257400 0.411959 1.120326 
-4.944186 0.409608 1.081272 
-4.632893 0.406722 1.039452 
-4.323963 0.403126 0.994435 
-4.017984 0.398568 0.945681 
-3.715753 0.392673 0.892498 
-3.418373 0.384867 0.833976 
-3.127415 0.374233 0.768885 
-2.845181 0.359236 0.695502 
-2.575146 0.337161 0.611298 
-2.322737 0.302853 0.512335 
-2.096589 0.245638 0.391957 
-1.909982 0.140900 0.237538 
nan nan 0.020539 
nan nan -0.345135 
nan nan -1.309429 
nan nan -8.269426 
nan nan -1.839842 
nan nan -0.473395 
nan nan -0.043195 
2.096587 0.245637 0.195772 
2.322735 0.302853 0.360826 
2.575144 0.337161 0.487435 
2.845178 0.359236 0.590498 
3.127413 0.374233 0.677611 
3.418370 0.384867 0.753171 
3.715750 0.392673 0.819955 
4.017981 0.398568 0.879833 
4.323960 0.403126 0.934129 
4.632889 0.406722 0.983812 
4.944183 0.409608 1.029619 
5.257397 0.411959 1.072117 
5.572192 0.413899 1.111761 
5.888305 0.415519 1.148913 
6.205525 0.416885 1.183871 
6.523687 0.418047 1.216883 
6.842655 0.419045 1.248156 
7.162318 0.419907 1.277866 
7.482585 0.420658 1.306162 
7.803380 0.421315 1.333173 
8.124639 0.421893 1.359013 
-8.124410 0.542450 1.510051 
-7.803120 0.541709 1.485378 
-7.482289 0.540868 1.459634 
-7.161978 0.539908 1.432720 
-6.842263 0.538805 1.404522 
-6.523232 0.537530 1.374912 
-6.204992 0.536044 1.343737 
-5.887674 0.534300 1.310819 
-5.571441 0.532234 1.275948 
-5.256492 0.529761 1.238872 
-4.943080 0.526768 1.199288 
-4.631527 0.523099 1.156820 
-4.322249 0.518537 1.111004 
-4.015795 0.512766 1.061247 
-3.712896 0.505325 1.006781 
-3.414550 0.495508 0.946583 
-3.122144 0.482203 0.879245 
-2.837638 0.463572 0.802752 
-2.563854 0.436425 0.714076 
-2.304830 0.394877 0.608360 
-2.066041 0.327276 0.477121 
-1.852820 0.208718 0.303701 
nan nan 0.049455 
nan nan -0.400345 
nan nan -1.526902 
nan nan -4.472178 
nan nan -2.031908 
nan nan -0.560131 
nan nan -0.027421 
2.066038 0.327275 0.255727 
2.304828 0.394876 0.442643 
2.563851 0.436424 0.581469 
2.837636 0.463572 0.692001 
3.122141 0.482203 0.783997 
3.414547 0.495508 0.862919 
3.712893 0.505325 0.932114 
4.015792 0.512766 0.993779 
4.322246 0.518537 1.049434 
4.631524 0.523099 1.100176 
4.943077 0.526768 1.146822 
5.256489 0.529761 1.189998 
5.571438 0.532234 1.230196 
5.887671 0.534300 1.267807 
6.204988 0.536044 1.303151 
6.523228 0.537530 1.336488 
6.842260 0.538805 1.368039 
7.161975 0.539908 1.397988 
7.482285 0.540868 1.426491 
7.803117 0.541709 1.453684 
8.124407 0.542450 1.479682 
-8.124121 0.663020 1.631028 
-7.802793 0.662118 1.606231 
-7.481916 0.661096 1.580346 
-7.161551 0.659929 1.553272 
-6.841772 0.658589 1.524893 
-6.522662 0.657041 1.495072 
-6.204326 0.655240 1.463653 
-5.886889 0.653126 1.430450 
-5.570507 0.650625 1.395244 
-5.255369 0.647635 1.357770 
-4.941714 0.644022 1.317707 
-4.629843 0.639601 1.274658 
-4.320141 0.634115 1.228125 
-4.013109 0.627196 1.177472 
-3.709404 0.618305 1.121866 
-3.409900 0.606631 1.060187 
-3.115772 0.590905 0.990879 
-2.828605 0.569072 0.911693 
-2.550506 0.537643 0.819206 
-2.284089 0.490405 0.707878 
-2.031799 0.415698 0.567971 
-1.792326 0.290748 0.380462 
-1.545224 0.072131 0.102635 
nan nan -0.379196 
nan nan -1.393605 
nan nan -2.866539 
nan nan -1.747392 
nan nan -0.542221 
nan nan 0.018750 
2.031797 0.415697 0.328183 
2.284086 0.490405 0.530912 
2.550503 0.537643 0.679364 
2.828603 0.569072 0.796058 
3.115769 0.590905 0.892196 
3.409897 0.606631 0.974022 
3.709401 0.618305 1.045324 
4.013106 0.627196 1.108564 
4.320138 0.634115 1.165426 
4.629839 0.639601 1.217113 
4.941710 0.644022 1.264511 
5.255366 0.647635 1.308297 
5.570504 0.650625 1.348994 
5.886886 0.653126 1.387020 
6.204322 0.655240 1.422712 
6.522658 0.657041 1.456345 
6.841768 0.658589 1.488148 
7.161548 0.659929 1.518313 
7.481913 0.661096 1.547005 
7.802789 0.662118 1.574362 
8.124117 0.663020 1.600505 
-8.123775 0.783603 1.752145 
-7.802402 0.782544 1.727236 
-7.481472 0.781343 1.701226 
-7.161043 0.779973 1.674009 
-6.841186 0.778402 1.645465 
-6.521983 0.776588 1.615456 
-6.203533 0.774479 1.583820 
-5.885956 0.772006 1.550363 
-5.569398 0.769084 1.514859 
-5.254038 0.765596 1.477032 
-4.940098 0.761389 1.436545 
-4.627855 0.756251 1.392984 
-4.317659 0.749893 1.345823 
-4.009959 0.741899 1.294390 
-3.705325 0.731672 1.237799 
-3.404499 0.718314 1.174854 
-3.108429 0.700449 1.103888 
-2.818305 0.675888 1.022477 
-2.535517 0.641018 0.926934 
-2.261327 0.589658 0.811303 
-1.995564 0.510907 0.665244 
-1.732079 0.385568 0.469148 
-1.444333 0.183615 0.181926 
nan nan -0.289003 
nan nan -1.108332 
nan nan -1.928708 
nan nan -1.339927 
nan nan -0.437170 
1.732077 0.385567 0.096918 
1.995561 0.510906 0.414637 
2.261325 0.589657 0.626475 
2.535514 0.641017 0.781592 
2.818302 0.675887 0.902945 
3.108426 0.700449 1.002378 
3.404496 0.718313 1.086587 
3.705323 0.731671 1.159657 
4.009956 0.741899 1.224240 
4.317657 0.749893 1.282143 
4.627851 0.756251 1.334650 
4.940094 0.761389 1.382707 
5.254035 0.765596 1.427028 
5.569395 0.769084 1.468167 
5.885953 0.772006 1.506561 
6.203530 0.774479 1.542562 
6.521979 0.776588 1.576458 
6.841183 0.778402 1.608486 
7.161040 0.779973 1.638846 
7.481468 0.781343 1.667706 
7.802398 0.782544 1.695211 
8.123772 0.783603 1.721483 
-8.123374 0.904204 1.873404 
-7.801949 0.902990 1.848397 
-7.480956 0.901614 1.822275 
-7.160454 0.900047 1.794931 
-6.840508 0.898250 1.766243 
-6.521198 0.896176 1.736069 
-6.202618 0.893768 1.704242 
-5.884881 0.890950 1.670564 
-5.568122 0.887622 1.634800 
-5.252509 0.883658 1.596666 
-4.938244 0.878885 1.555814 
-4.625580 0.873072 1.511813 
-4.314829 0.865898 1.464119 
-4.006379 0.856913 1.412029 
-3.700714 0.845472 1.354619 
-3.398433 0.830619 1.290640 
-3.100252 0.810916 1.218349 
-2.806972 0.784120 1.135220 
-2.519304 0.746651 1.037433 
-2.237316 0.692653 0.918896 
-1.958778 0.612499 0.769299 
-1.674539 0.491124 0.570018 
-1.357018 0.310091 0.285653 
nan nan -0.148051 
nan nan -0.783348 
nan nan -1.280458 
nan nan -0.936423 
nan nan -0.274340 
1.674536 0.491123 0.204007 
1.958775 0.612498 0.515209 
2.237313 0.692652 0.729703 
2.519301 0.746651 0.888434 
2.806969 0.784120 1.012851 
3.100249 0.810916 1.114667 
3.398430 0.830619 1.200700 
3.700711 0.845471 1.275174 
4.006376 0.856913 1.340849 
4.314826 0.865898 1.399613 
4.625577 0.873072 1.452810 
4.938241 0.878885 1.501426 
5.252505 0.883658 1.546205 
5.568119 0.887622 1.587724 
5.884877 0.890950 1.626437 
6.202615 0.893768 1.662707 
6.521195 0.896176 1.696833 
6.840505 0.898249 1.729058 
7.160451 0.900047 1.759589 
7.480953 0.901614 1.788598 
7.801945 0.902990 1.816233 
8.123371 0.904204 1.842620 
-8.122919 1.024823 1.994806 
-7.801435 1.023458 1.969713 
-7.480372 1.021912 1.943495 
-7.159787 1.020152 1.916042 
-6.839742 1.018135 1.887230 
-6.520312 1.015812 1.856914 
-6.201585 1.013116 1.824923 
-5.883667 1.009964 1.791056 
-5.566685 1.006250 1.755073 
-5.250790 1.001832 1.716681 
-4.936166 0.996527 1.675524 
-4.623038 0.990082 1.631161 
-4.311676 0.982155 1.583030 
-4.002409 0.972269 1.530411 
-3.695629 0.959745 1.472356 
-3.391791 0.943597 1.407585 
-3.091386 0.922363 1.334318 
-2.794843 0.893824 1.249996 
-2.502267 0.854559 1.150796 
-2.212739 0.799250 1.030753 
-1.922569 0.719814 0.880128 
-1.621158 0.605222 0.682443 
-1.282884 0.445958 0.410013 
nan nan 0.025105 
nan nan -0.462746 
nan nan -0.785003 
nan nan -0.567187 
nan nan -0.079109 
1.621155 0.605221 0.334498 
1.922566 0.719813 0.628922 
2.212737 0.799249 0.840525 
2.502264 0.854559 0.999980 
2.794840 0.893824 1.125874 
3.091383 0.922362 1.229143 
3.391788 0.943597 1.316420 
3.695626 0.959745 1.391916 
4.002406 0.972269 1.458422 
4.311673 0.982155 1.517862 
4.623035 0.990081 1.571611 
4.936163 0.996526 1.620682 
5.250787 1.001832 1.665840 
5.566682 1.006250 1.707675 
5.883664 1.009964 1.746656 
6.201582 1.013116 1.783154 
6.520308 1.015812 1.817474 
6.839739 1.018135 1.849869 
7.159784 1.020152 1.880546 
7.480369 1.021912 1.909682 
7.801431 1.023458 1.937429 
8.122916 1.024823 1.963916 
-8.122412 1.145465 2.116354 
-7.800861 1.143952 2.091188 
-7.479722 1.142240 2.064888 
-7.159044 1.140293 2.037344 
-6.838889 1.138064 2.008428 
-6.519327 1.135499 1.977994 
-6.200438 1.132526 1.945868 
-5.882323 1.129057 1.911846 
-5.565095 1.124975 1.875683 
-5.248893 1.120131 1.837083 
-4.933879 1.114327 1.795684 
-4.620248 1.107298 1.751035 
-4.308229 1.098685 1.702569 
-3.998090 1.087991 1.649554 
-3.690131 1.074522 1.591032 
-3.384667 1.057280 1.525715 
-3.081973 1.034821 1.451825 
-2.782144 1.005012 1.366837 
-2.484768 0.964687 1.267043 
-2.188169 0.909194 1.146823 
-1.887746 0.832066 0.997424 
-1.572616 0.725833 0.805180 
-1.220536 0.587270 0.550451 
-0.797250 0.433068 0.216189 
nan nan -0.160173 
nan nan -0.380713 
nan nan -0.233995 
1.220532 0.587268 0.131331 
1.572613 0.725832 0.482362 
1.887743 0.832065 0.754103 
2.188167 0.909193 0.958512 
2.484765 0.964686 1.116146 
2.782141 1.005012 1.242025 
3.081970 1.034821 1.345836 
3.384664 1.057280 1.433779 
3.690128 1.074522 1.509912 
3.998087 1.087991 1.576982 
4.308226 1.098685 1.636906 
4.620245 1.107298 1.691067 
4.933876 1.114327 1.740486 
5.248889 1.120131 1.785939 
5.565092 1.124975 1.828027 
5.882320 1.129057 1.867222 
6.200436 1.132526 1.903906 
6.519323 1.135499 1.938386 
6.838886 1.138064 1.970920 
7.159041 1.140293 2.001719 
7.479718 1.142240 2.030962 
7.800858 1.143952 2.058803 
8.122409 1.145465 2.085373 
-8.121853 1.266130 2.238047 
-7.800230 1.264474 2.212823 
-7.479006 1.262602 2.186457 
-7.158228 1.260473 2.158839 
-6.837953 1.258040 2.129840 
-6.518246 1.255243 2.099312 
-6.199184 1.252007 2.067080 
-5.880854 1.248236 2.032937 
-5.563362 1.243807 1.996636 
-5.246829 1.238564 1.957879 
-4.931397 1.232298 1.916299 
-4.617231 1.224735 1.871445 
-4.304519 1.215505 1.822745 
-3.993465 1.204101 1.769467 
-3.684281 1.189823 1.710657 
-3.377151 1.171688 1.645040 
-3.072151 1.148300 1.570877 
-2.769086 1.117659 1.485735 
-2.467124 1.076921 1.386122 
-2.164058 1.022160 1.266932 
-1.854837 0.948447 1.120655 
-1.529066 0.851231 0.936673 
-1.168277 0.731395 0.702602 
-0.748544 0.606505 0.415655 
-0.260466 0.520278 0.122099 
nan nan -0.035591 
nan nan 0.068165 
1.168273 0.731394 0.346720 
1.529063 0.851230 0.642204 
1.854834 0.948446 0.888776 
2.164055 1.022160 1.082985 
2.467121 1.076920 1.236706 
2.769083 1.117658 1.361233 
3.072148 1.148299 1.464734 
3.377147 1.171688 1.552781 
3.684278 1.189823 1.629172 
3.993462 1.204100 1.696539 
4.304515 1.215505 1.756756 
4.617229 1.224735 1.811186 
4.931394 1.232298 1.860845 
5.246826 1.238564 1.906511 
5.563359 1.243807 1.948784 
5.880851 1.248235 1.988141 
6.199181 1.252007 2.024967 
6.518243 1.255243 2.059572 
6.837950 1.258040 2.092214 
7.158225 1.260473 2.123110 
7.479002 1.262601 2.152439 
7.800227 1.264474 2.180356 
8.121849 1.266130 2.206993 
-8.121243 1.386821 2.359887 
-7.799543 1.385026 2.334617 
-7.478227 1.382999 2.308201 
-7.157341 1.380696 2.280527 
-6.836937 1.378067 2.251466 
-6.517076 1.375049 2.220868 
-6.197826 1.371562 2.188559 
-5.879268 1.367506 2.154330 
-5.561494 1.362753 2.117933 
-5.244611 1.357140 2.079070 
-4.928738 1.350451 2.037374 
-4.614011 1.342406 1.992393 
-4.300575 1.332628 1.943561 
-3.988576 1.320610 1.890154 
-3.678141 1.305661 1.831233 
-3.369331 1.286827 1.765558 
-3.062049 1.262787 1.691460 
-2.755854 1.231710 1.606647 
-2.449600 1.191112 1.507922 
-2.140742 1.137791 1.390806 
-1.824141 1.068193 1.249151 
-1.490333 0.980025 1.075285 
-1.124456 0.876642 0.862765 
-0.710147 0.774660 0.617639 
-0.244511 0.707436 0.385571 
0.244507 0.707436 0.268709 
0.710143 0.774659 0.344996 
1.124453 0.876641 0.561430 
1.490330 0.980024 0.809703 
1.824138 1.068192 1.030951 
2.140739 1.137790 1.213125 
2.449596 1.191111 1.361327 
2.755852 1.231710 1.483363 
3.062046 1.262787 1.585782 
3.369328 1.286827 1.673408 
3.678138 1.305661 1.749690 
3.988573 1.320610 1.817096 
4.300572 1.332628 1.877415 
4.614008 1.342406 1.931972 
4.928735 1.350451 1.981764 
5.244607 1.357140 2.027557 
5.561491 1.362753 2.069949 
5.879265 1.367506 2.109415 
6.197823 1.371562 2.146339 
6.517073 1.375049 2.181033 
6.836934 1.378067 2.213755 
7.157338 1.380696 2.244721 
7.478224 1.382999 2.274114 
7.799540 1.385026 2.302088 
8.121241 1.386821 2.328777 
-8.120585 1.507540 2.481875 
-7.798802 1.505611 2.456573 
-7.477388 1.503434 2.430122 
-7.156387 1.500965 2.402410 
-6.835845 1.498149 2.373308 
-6.515820 1.494921 2.342665 
-6.196371 1.491197 2.310308 
-5.877572 1.486874 2.276027 
-5.559501 1.481820 2.239576 
-5.242250 1.475866 2.200658 
-4.925918 1.468793 2.158908 
-4.610610 1.460318 2.113881 
-4.296429 1.450063 2.065018 
-3.983467 1.437528 2.011612 
-3.671771 1.422041 1.952753 
-3.361293 1.402692 1.887253 
-3.051785 1.378254 1.813538 
-2.742614 1.347091 1.729498 
-2.432407 1.307085 1.632285 
-2.118457 1.255722 1.518107 
-1.795784 1.190617 1.382179 
-1.456065 1.111139 1.219464 
-1.087609 1.021961 1.028025 
-0.679445 0.937965 0.818757 
-0.232172 0.884627 0.632711 
0.232168 0.884627 0.543504 
0.679441 0.937964 0.601400 
1.087605 1.021960 0.772607 
1.456062 1.111138 0.981640 
1.795781 1.190616 1.178811 
2.118454 1.255721 1.348061 
2.432404 1.307084 1.489605 
2.742611 1.347090 1.608229 
3.051783 1.378254 1.708891 
3.361290 1.402691 1.795617 
3.671768 1.422041 1.871448 
3.983464 1.437528 1.938642 
4.296426 1.450063 1.998881 
4.610606 1.460318 2.053426 
4.925915 1.468793 2.103244 
5.242247 1.475866 2.149080 
5.559498 1.481820 2.191525 
5.877568 1.486874 2.231046 
6.196368 1.491197 2.268024 
6.515816 1.494921 2.302770 
6.835843 1.498149 2.335541 
7.156384 1.500965 2.366553 
7.477385 1.503434 2.395988 
7.798799 1.505611 2.424001 
8.120583 1.507540 2.450725 
-8.119882 1.628289 2.604010 
-7.798009 1.626231 2.578690 
-7.476491 1.623911 2.552220 
-7.155368 1.621282 2.524488 
-6.834682 1.618288 2.495366 
-6.514482 1.614862 2.464703 
-6.194825 1.610916 2.432326 
-5.875772 1.606344 2.398029 
-5.557393 1.601012 2.361566 
-5.239761 1.594748 2.322643 
-4.922954 1.587332 2.280902 
-4.607049 1.578479 2.235907 
-4.292111 1.567817 2.187112 
-3.978178 1.554859 2.133833 
-3.665227 1.538959 2.075201 
-3.353113 1.519266 2.010095 
-3.041466 1.494661 1.937058 
-2.729502 1.463709 1.854188 
-2.415712 1.424655 1.759019 
-2.097353 1.375605 1.648459 
-1.769773 1.315129 1.519004 
-1.425833 1.243758 1.367834 
-1.056495 1.166723 1.196206 
-0.654573 1.096944 1.017186 
-0.222437 1.053965 0.865986 
0.222433 1.053965 0.796181 
0.654569 1.096943 0.841286 
1.056492 1.166722 0.978972 
1.425830 1.243758 1.155727 
1.769769 1.315129 1.330796 
2.097350 1.375604 1.486940 
2.415709 1.424654 1.621102 
2.729499 1.463708 1.735605 
3.041462 1.494661 1.833947 
3.353110 1.519266 1.919347 
3.665224 1.538959 1.994412 
3.978175 1.554859 2.061162 
4.292108 1.567817 2.121143 
4.607046 1.578479 2.175542 
4.922951 1.587332 2.225281 
5.239758 1.594748 2.271079 
5.557390 1.601012 2.313510 
5.875770 1.606344 2.353034 
6.194822 1.610916 2.390023 
6.514479 1.614862 2.424785 
6.834678 1.618288 2.457574 
7.155365 1.621282 2.488606 
7.476488 1.623911 2.518061 
7.798006 1.626231 2.546095 
8.119878 1.628289 2.572838 
-8.119132 1.749069 2.726293 
-7.797166 1.746888 2.700969 
-7.475540 1.744430 2.674496 
-7.154287 1.741650 2.646762 
-6.833449 1.738489 2.617640 
-6.513069 1.734875 2.586982 
-6.193194 1.730722 2.554615 
-5.873879 1.725921 2.520334 
-5.555180 1.720335 2.483900 
-5.237156 1.713792 2.445023 
-4.919863 1.706071 2.403353 
-4.603352 1.696892 2.358465 
-4.287651 1.685892 2.309833 
-3.972750 1.672600 2.256804 
-3.658562 1.656407 2.198556 
-3.344862 1.636527 2.134047 
-3.031180 1.611956 2.061954 
-2.716631 1.581463 1.980600 
-2.399633 1.543635 1.887910 
-2.077511 1.497118 1.781473 
-1.746030 1.441235 1.658929 
-1.399188 1.377284 1.519229 
-1.030092 1.310573 1.365742 
-0.634181 1.252120 1.212033 
-0.214623 1.217013 1.087564 
0.214619 1.217012 1.031784 
0.634177 1.252120 1.067705 
1.030089 1.310572 1.180107 
1.399184 1.377283 1.330398 
1.746027 1.441234 1.485624 
2.077508 1.497118 1.628972 
2.399630 1.543635 1.755376 
2.716628 1.581463 1.865250 
3.031177 1.611956 1.960814 
3.344859 1.636527 2.044523 
3.658559 1.656407 2.118540 
3.972747 1.672600 2.184629 
4.287648 1.685892 2.244186 
4.603348 1.696892 2.298311 
4.919860 1.706071 2.347869 
5.237153 1.713792 2.393550 
5.555177 1.720335 2.435904 
5.873876 1.725921 2.475377 
6.193191 1.730722 2.512334 
6.513065 1.734875 2.547076 
6.833446 1.738489 2.579855 
7.154284 1.741650 2.610881 
7.475536 1.744430 2.640335 
7.797163 1.746888 2.668369 
8.119128 1.749069 2.695116 
-8.118340 1.869882 2.848724 
-7.796276 1.867583 2.823409 
-7.474535 1.864996 2.796948 
-7.153149 1.862072 2.769230 
-6.832152 1.858752 2.740130 
-6.511584 1.854964 2.709500 
-6.191485 1.850620 2.677171 
-5.871899 1.845608 2.642942 
-5.552872 1.839792 2.606578 
-5.234447 1.833000 2.567795 
-4.916662 1.825014 2.526255 
-4.599540 1.815560 2.481547 
-4.283078 1.804287 2.433171 
-3.967220 1.790747 2.380506 
-3.651826 1.774372 2.322787 
-3.336603 1.754444 2.259061 
-3.021008 1.730082 2.188146 
-2.704090 1.700249 2.108600 
-2.384254 1.663845 2.018735 
-2.058959 1.619974 1.916767 
-1.724432 1.568528 1.801319 
-1.375697 1.511280 1.672696 
-1.007567 1.453329 1.535540 
-0.617278 1.403974 1.402954 
-0.208258 1.374946 1.299263 
0.208254 1.374946 1.253884 
0.617274 1.403974 1.283029 
1.007563 1.453329 1.376039 
1.375694 1.511279 1.504620 
1.724429 1.568528 1.642278 
2.058956 1.619973 1.773455 
2.384251 1.663845 1.891994 
2.704087 1.700248 1.996907 
3.021005 1.730081 2.089343 
3.336600 1.754444 2.171056 
3.651823 1.774371 2.243778 
3.967217 1.790747 2.309010 
4.283074 1.804287 2.367990 
4.599537 1.815560 2.421719 
4.916659 1.825014 2.471002 
5.234444 1.833000 2.516487 
5.552869 1.839792 2.558701 
5.871896 1.845608 2.598073 
6.191482 1.850620 2.634955 
6.511580 1.854964 2.669643 
6.832149 1.858752 2.702381 
7.153145 1.862072 2.733377 
7.474532 1.864995 2.762808 
7.796272 1.867583 2.790825 
8.118336 1.869882 2.817559 
-8.117505 1.990731 2.971303 
-7.795340 1.988319 2.946011 
-7.473481 1.985608 2.919577 
-7.151955 1.982549 2.891893 
-6.830795 1.979081 2.862834 
-6.510033 1.975132 2.832257 
-6.189703 1.970610 2.799994 
-5.869841 1.965407 2.765850 
-5.550479 1.959386 2.729594 
-5.231649 1.952375 2.690953 
-4.913367 1.944163 2.649601 
-4.595635 1.934483 2.605144 
-4.278418 1.922999 2.557109 
-3.961623 1.909291 2.504916 
-3.645062 1.892833 2.447860 
-3.328391 1.872983 2.385082 
-3.011014 1.848975 2.315548 
-2.691946 1.819961 2.238049 
-2.369625 1.785116 2.151265 
-2.041688 1.743918 2.053976 
-1.704825 1.696683 1.945617 
-1.354964 1.645436 1.827477 
-0.988243 1.594918 1.704863 
-0.603125 1.552930 1.589910 
-0.203004 1.528668 1.502580 
0.203000 1.528668 1.465087 
0.603122 1.552930 1.489116 
0.988240 1.594917 1.567022 
1.354960 1.645435 1.677732 
1.704822 1.696683 1.799973 
2.041685 1.743917 1.919781 
2.369622 1.785115 2.030554 
2.691943 1.819960 2.130326 
3.011011 1.848975 2.219379 
3.328388 1.872982 2.298851 
3.645059 1.892833 2.370065 
3.961620 1.909291 2.434267 
4.278414 1.922999 2.492530 
4.595632 1.934483 2.545750 
4.913364 1.944163 2.594667 
5.231646 1.952375 2.639884 
5.550476 1.959386 2.681898 
5.869837 1.965407 2.721118 
6.189700 1.970610 2.757885 
6.510030 1.975132 2.792483 
6.830792 1.979081 2.825151 
7.151952 1.982549 2.856092 
7.473477 1.985608 2.885479 
7.795337 1.988319 2.913461 
8.117502 1.990731 2.940166 
-8.116632 2.111615 3.094029 
-7.794361 2.109096 3.068772 
-7.472379 2.106269 3.042381 
-7.150711 2.103083 3.014749 
-6.829382 2.099478 2.985752 
-6.508421 2.095379 2.955251 
-6.187856 2.090697 2.923082 
-5.867712 2.085321 2.889054 
-5.548012 2.079118 2.852945 
-5.228773 2.071918 2.814492 
-4.909995 2.063518 2.773382 
-4.591657 2.053658 2.729243 
-4.273697 2.042023 2.681630 
-3.955991 2.028219 2.630008 
-3.638311 2.011770 2.573735 
-3.320273 1.992104 2.512051 
-3.001250 1.968573 2.444068 
-2.680250 1.940496 2.368806 
-2.355773 1.907290 2.285280 
-2.025661 1.868734 2.192764 
-1.687046 1.825440 2.091342 
-1.336631 1.779534 1.982981 
-0.971576 1.735331 1.873226 
-0.591168 1.699359 1.773030 
-0.198618 1.678882 1.698742 
0.198614 1.678882 1.667344 
0.591165 1.699359 1.687432 
0.971572 1.735330 1.753405 
1.336627 1.779534 1.849336 
1.687043 1.825439 1.958112 
2.025657 1.868733 2.067438 
2.355770 1.907289 2.170690 
2.680247 1.940496 2.265262 
3.001246 1.968573 2.350765 
3.320270 1.992104 2.427804 
3.638308 2.011770 2.497337 
3.955988 2.028219 2.560357 
4.273694 2.042023 2.617777 
4.591654 2.053658 2.670385 
4.909992 2.063518 2.718850 
5.228769 2.071918 2.763729 
5.548009 2.079118 2.805486 
5.867708 2.085321 2.844508 
6.187852 2.090697 2.881120 
6.508418 2.095379 2.915595 
6.829379 2.099478 2.948164 
7.150707 2.103083 2.979026 
7.472376 2.106269 3.008348 
7.794358 2.109096 3.036276 
8.116629 2.111615 3.062936 
-8.115722 2.232537 3.216901 
-7.793342 2.229917 3.191693 
-7.471233 2.226980 3.165360 
-7.149418 2.223676 3.137796 
-6.827918 2.219944 3.108881 
-6.506754 2.215708 3.078479 
-6.185949 2.210880 3.046430 
-5.865520 2.205352 3.012551 
-5.545480 2.198989 2.976626 
-5.225832 2.191630 2.938404 
-4.906560 2.183076 2.897588 
-4.587625 2.173082 2.853830 
-4.268940 2.161350 2.806714 
-3.950353 2.147519 2.755752 
-3.631607 2.131157 2.700370 
-3.312289 2.111769 2.639903 
-2.991756 2.088811 2.573612 
-2.669033 2.061757 2.500727 
-2.342704 2.030227 2.420569 
-2.010822 1.994236 2.332829 
-1.670932 1.954593 2.238091 
-1.320384 1.913425 2.138755 
-0.957123 1.874600 2.040326 
-0.580982 1.843578 1.952527 
-0.194918 1.826144 1.888755 
0.194915 1.826144 1.862148 
0.580978 1.843578 1.879147 
0.957119 1.874599 1.935568 
1.320380 1.913425 2.019210 
1.670929 1.954593 2.116254 
2.010818 1.994235 2.216003 
2.342701 2.030226 2.312074 
2.669030 2.061757 2.401487 
2.991753 2.088811 2.483344 
3.312286 2.111769 2.557814 
3.631604 2.131157 2.625523 
3.950350 2.147519 2.687233 
4.268937 2.161350 2.743698 
4.587622 2.173082 2.795602 
4.906557 2.183076 2.843537 
5.225828 2.191630 2.888012 
5.545476 2.198989 2.929457 
5.865517 2.205352 2.968235 
6.185946 2.210880 3.004654 
6.506751 2.215708 3.038974 
6.827914 2.219944 3.071417 
7.149415 2.223676 3.102176 
7.471231 2.226980 3.131412 
7.793338 2.229917 3.159269 
8.115718 2.232537 3.185869 
-8.114776 2.353497 3.339918 
-7.792284 2.350782 3.314772 
-7.470047 2.347744 3.288511 
-7.148081 2.344330 3.261033 
-6.826406 2.340480 3.232220 
-6.505036 2.336120 3.201938 
-6.183989 2.331162 3.170036 
-5.863273 2.325499 3.136334 
-5.542892 2.319000 3.100628 
-5.222836 2.311510 3.062679 
-4.903078 2.302837 3.022208 
-4.583557 2.292750 2.978887 
-4.264167 2.280972 2.932338 
-3.944735 2.267173 2.882117 
-3.624980 2.250970 2.827718 
-3.304472 2.231936 2.768575 
-2.982565 2.209627 2.704085 
-2.658316 2.183652 2.633675 
-2.330408 2.153801 2.556936 
-1.997105 2.120269 2.473901 
-1.656323 2.083986 2.385527 
-1.305950 2.047011 2.294461 
-0.944525 2.012778 2.205988 
-0.572237 1.985861 2.128647 
-0.191770 1.970899 2.073446 
0.191766 1.970899 2.050664 
0.572234 1.985860 2.065202 
0.944522 2.012778 2.113887 
1.305946 2.047010 2.187248 
1.656320 2.083986 2.274076 
1.997102 2.120269 2.365131 
2.330405 2.153801 2.454421 
2.658313 2.183652 2.538787 
2.982562 2.209627 2.616968 
3.304469 2.231936 2.688777 
3.624977 2.250970 2.754552 
3.944732 2.267173 2.814845 
4.264164 2.280972 2.870260 
4.583553 2.292750 2.921375 
4.903075 2.302836 2.968710 
5.222834 2.311510 3.012721 
5.542889 2.319000 3.053803 
5.863270 2.325499 3.092294 
6.183986 2.331162 3.128483 
6.505033 2.336120 3.162616 
6.826402 2.340480 3.194907 
7.148078 2.344330 3.225539 
7.470044 2.347744 3.254670 
7.792281 2.350782 3.282438 
8.114772 2.353497 3.308964 
-8.113796 2.474496 3.463079 
-7.791191 2.471693 3.438008 
-7.468822 2.468559 3.411834 
-7.146704 2.465044 3.384457 
-6.824851 2.461088 3.355764 
-6.503273 2.456616 3.325625 
-6.181983 2.451543 3.293894 
-5.860979 2.445763 3.260399 
-5.540258 2.439150 3.224946 
-5.219800 2.431555 3.187309 
-4.899561 2.422795 3.147227 
-4.579469 2.412655 3.104398 
-4.259399 2.400877 3.058477 
-3.939160 2.387165 3.009068 
-3.618456 2.371181 2.955733 
-3.296848 2.352564 2.897998 
-2.973698 2.330961 2.835392 
-2.648108 2.306098 2.767518 
-2.318866 2.277903 2.694201 
-1.984439 2.246704 2.615746 
-1.643071 2.213496 2.533378 
-1.293092 2.180227 2.449849 
-0.933490 2.149930 2.370121 
-0.564678 2.126439 2.301649 
-0.189068 2.113506 2.253503 
0.189065 2.113506 2.233813 
0.564675 2.126439 2.246366 
0.933487 2.149930 2.288715 
1.293088 2.180227 2.353423 
1.643068 2.213495 2.431351 
1.984436 2.246704 2.514546 
2.318863 2.277903 2.597485 
2.648104 2.306098 2.676970 
2.973695 2.330961 2.751495 
3.296845 2.352564 2.820590 
3.618453 2.371181 2.884352 
3.939157 2.387165 2.943143 
4.259396 2.400877 2.997426 
4.579465 2.412654 3.047678 
4.899558 2.422795 3.094348 
5.219797 2.431555 3.137841 
5.540255 2.439150 3.178513 
5.860976 2.445762 3.216676 
6.181979 2.451543 3.252600 
6.503271 2.456616 3.286517 
6.824847 2.461088 3.318630 
7.146701 2.465044 3.349113 
7.468819 2.468559 3.378120 
7.791188 2.471693 3.405782 
8.113793 2.474496 3.432218 
-8.112786 2.595536 3.586382 
-7.790065 2.592649 3.561398 
-7.467562 2.589428 3.535325 
-7.145289 2.585821 3.508066 
-6.823256 2.581768 3.479511 
-6.501471 2.577197 3.449536 
-6.179935 2.572022 3.417999 
-5.858645 2.566143 3.384739 
-5.537588 2.559438 3.349570 
-5.216732 2.551763 3.312282 
-4.896024 2.542947 3.272632 
-4.575377 2.532789 3.230343 
-4.254654 2.521054 3.185106 
-3.933649 2.507476 3.136572 
-3.612057 2.491762 3.084367 
-3.289437 2.473613 3.028108 
-2.965169 2.452756 2.967443 
-2.638408 2.429018 2.902133 
-2.308050 2.402437 2.832199 
-1.972750 2.373435 2.758162 
-1.631039 2.343029 2.681421 
-1.281606 2.313038 2.604738 
-0.923779 2.286124 2.532698 
-0.558102 2.265514 2.471781 
-0.186733 2.254261 2.429497 
0.186730 2.254261 2.412339 
0.558099 2.265514 2.423269 
0.923775 2.286124 2.460377 
1.281603 2.313037 2.517759 
1.631036 2.343029 2.587920 
1.972747 2.373434 2.664030 
2.308047 2.402437 2.741058 
2.638405 2.429017 2.815865 
2.965166 2.452755 2.886792 
3.289434 2.473612 2.953157 
3.612054 2.491762 3.014853 
3.933646 2.507476 3.072075 
4.254651 2.521054 3.125159 
4.575374 2.532789 3.174485 
4.896020 2.542947 3.220433 
5.216728 2.551763 3.263357 
5.537585 2.559438 3.303575 
5.858642 2.566143 3.341373 
6.179932 2.572022 3.376999 
6.501467 2.577197 3.410672 
6.823253 2.581768 3.442581 
7.145286 2.585821 3.472895 
7.467558 2.589428 3.501758 
7.790061 2.592649 3.529299 
8.112782 2.595536 3.555630 
-8.111747 2.716616 3.709827 
-7.788908 2.713653 3.684942 
-7.466269 2.710351 3.658984 
-7.143841 2.706660 3.631857 
-6.821628 2.702521 3.603458 
-6.499632 2.697862 3.573666 
-6.177853 2.692601 3.542347 
-5.856279 2.686640 3.509347 
-5.534888 2.679862 3.474492 
-5.213642 2.672132 3.437587 
-4.892477 2.663288 3.398407 
-4.571294 2.653144 3.356703 
-4.249947 2.641489 3.312197 
-3.928219 2.628087 3.264591 
-3.605800 2.612686 3.213571 
-3.282255 2.595043 3.158838 
-2.956988 2.574958 3.100149 
-2.629211 2.552342 3.037405 
-2.297927 2.527319 2.970786 
-1.961964 2.500374 2.900977 
-1.620101 2.472517 2.829482 
-1.271317 2.445424 2.759000 
-0.915193 2.421431 2.693726 
-0.552348 2.403257 2.639281 
-0.184701 2.393407 2.601909 
0.184697 2.393407 2.586844 
0.552344 2.403257 2.596434 
0.915190 2.421430 2.629167 
1.271314 2.445423 2.680310 
1.620097 2.472516 2.743678 
1.961961 2.500373 2.813410 
2.297923 2.527319 2.884962 
2.629208 2.552341 2.955318 
2.956985 2.574958 3.022738 
3.282252 2.595043 3.086384 
3.605797 2.612686 3.145984 
3.928216 2.628087 3.201589 
4.249944 2.641489 3.253420 
4.571291 2.653144 3.301767 
4.892474 2.663288 3.346943 
5.213639 2.672132 3.389252 
5.534885 2.679862 3.428977 
5.856276 2.686640 3.466375 
6.177850 2.692601 3.501672 
6.499629 2.697862 3.535074 
6.821624 2.702521 3.566757 
7.143837 2.706660 3.596880 
7.466266 2.710351 3.625582 
7.788904 2.713653 3.652985 
8.111743 2.716616 3.679198 
-8.110681 2.837738 3.833411 
-7.787722 2.834705 3.808637 
-7.464947 2.831329 3.782806 
-7.142362 2.827563 3.755828 
-6.819968 2.823346 3.727600 
-6.497764 2.818611 3.698011 
-6.175742 2.813278 3.666930 
-5.853887 2.807251 3.634215 
-5.532168 2.800420 3.599703 
-5.210541 2.792656 3.563211 
-4.888932 2.783811 3.524537 
-4.567235 2.773712 3.483456 
-4.245293 2.762170 3.439725 
-3.922884 2.748979 3.393090 
-3.599699 2.733926 3.343298 
-3.275312 2.716819 3.290126 
-2.949157 2.697520 3.233430 
-2.620505 2.676009 3.173228 
-2.288460 2.652478 3.109832 
-1.952011 2.627450 3.044045 
-1.610143 2.601906 2.977421 
-1.262075 2.577380 2.912551 
-0.907572 2.555916 2.853242 
-0.547284 2.539816 2.804367 
-0.182921 2.531146 2.771143 
0.182918 2.531146 2.757827 
0.547281 2.539816 2.766298 
0.907568 2.555916 2.795349 
1.262072 2.577379 2.841147 
1.610140 2.601906 2.898561 
1.952007 2.627450 2.962556 
2.288457 2.652478 3.029053 
2.620502 2.676009 3.095196 
2.949154 2.697519 3.159223 
3.275309 2.716819 3.220185 
3.599696 2.733926 3.277679 
3.922881 2.748979 3.331636 
4.245289 2.762170 3.382171 
4.567231 2.773712 3.429494 
4.888929 2.783811 3.473856 
5.210537 2.792656 3.515511 
5.532165 2.800420 3.554707 
5.853883 2.807251 3.591671 
6.175739 2.813277 3.626612 
6.497760 2.818611 3.659717 
6.819964 2.823346 3.691152 
7.142358 2.827563 3.721065 
7.464944 2.831329 3.749589 
7.787719 2.834704 3.776839 
8.110677 2.837738 3.802920 
-8.109589 2.958902 3.957132 
-7.786510 2.955804 3.932480 
-7.463599 2.952362 3.906789 
-7.140856 2.948528 3.879973 
-6.818281 2.944244 3.851934 
-6.495869 2.939445 3.822565 
-6.173607 2.934052 3.791744 
-5.851474 2.927975 3.759336 
-5.529435 2.921109 3.725191 
-5.207437 2.913333 3.689142 
-4.885399 2.904510 3.651004 
-4.563208 2.894483 3.610581 
-4.240702 2.883083 3.567661 
-3.917657 2.870132 3.522034 
-3.593765 2.855455 3.473502 
-3.268616 2.838904 3.421912 
-2.941676 2.820395 3.367208 
-2.612274 2.799965 3.309507 
-2.279613 2.777855 3.249225 
-1.942822 2.754606 3.187244 
-1.601066 2.731159 3.125130 
-1.253750 2.708909 3.065335 
-0.900778 2.689644 3.011296 
-0.542806 2.675319 2.967240 
-0.181354 2.667649 2.937545 
0.181351 2.667649 2.925702 
0.542803 2.675319 2.933232 
0.900775 2.689644 2.959159 
1.253747 2.708909 3.000353 
1.601062 2.731159 3.052533 
1.942818 2.754606 3.111366 
2.279610 2.777854 3.173207 
2.612271 2.799965 3.235383 
2.941673 2.820395 3.296145 
3.268613 2.838904 3.354477 
3.593762 2.855455 3.409874 
3.917654 2.870132 3.462164 
4.240699 2.883083 3.511373 
4.563205 2.894483 3.557638 
4.885396 2.904509 3.601149 
5.207433 2.913333 3.642115 
5.529432 2.921109 3.680749 
5.851471 2.927974 3.717252 
6.173604 2.934052 3.751810 
6.495866 2.939445 3.784595 
6.818278 2.944244 3.815761 
7.140852 2.948528 3.845446 
7.463595 2.952362 3.873774 
7.786507 2.955804 3.900857 
8.109586 2.958902 3.926793 
